IBGE	2017	2016	2015	2014	2013
2900108	67	57	47	59	31
2900207	67	72	78	49	49
2900306	82	72	94	66	67
2900355	52	62	54	43	66
2900405	90	52	60	82	55
2900603	14	15	15	14	15
2900702	1230	1252	1174	1117	1194
2900801	103	104	78	92	98
2900900	33	20	31	34	33
2901007	251	243	210	209	203
2901106	109	78	118	103	94
2901155	59	55	58	50	47
2901205	90	94	111	113	122
2901304	61	58	70	47	60
2901353	55	59	54	40	45
2901403	56	43	54	48	41
2901502	78	49	41	52	59
2901601	102	121	89	87	87
2901700	28	26	33	28	38
2901809	35	35	34	31	31
2901908	78	66	73	69	54
2901957	19	23	23	20	23
2902005	56	49	50	48	34
2902054	82	76	70	58	61
2902104	233	229	242	218	213
2902203	28	24	22	16	12
2902252	37	46	39	36	42
2902302	12	17	20	18	21
2902401	75	74	68	65	63
2902500	33	25	17	35	19
2902609	141	119	112	99	94
2902658	17	9	2	17	34
2902708	293	278	259	266	263
2902807	165	193	170	174	146
2902906	170	188	154	145	168
2903003	78	73	66	59	56
2903102	27	16	21	23	8
2903201	1305	1441	1353	1299	1304
2903235	66	58	56	41	54
2903276	30	37	37	29	30
2903300	46	51	56	39	39
2903409	146	110	134	122	108
2903508	129	90	104	106	95
2903607	88	70	89	66	73
2903706	68	64	70	71	62
2903805	86	76	77	66	58
2903904	388	373	351	308	305
2903953	67	70	50	52	36
2904001	90	68	80	66	66
2904050	58	53	46	62	47
2904100	132	97	105	116	105
2904209	45	37	50	48	50
2904308	93	80	72	81	60
2904407	8	36	27	28	24
2904506	73	89	79	70	74
2904605	462	383	390	340	335
2904704	75	66	54	53	44
2904753	62	59	59	45	44
2904803	36	35	28	23	21
2904852	65	53	56	51	54
2904902	195	185	200	165	168
2905008	116	90	112	107	82
2905107	53	50	59	52	38
2905156	37	26	31	35	45
2905206	249	261	254	270	248
2905305	57	75	74	70	75
2905404	28	28	28	30	18
2905503	74	63	54	50	51
2905602	174	253	163	173	182
2905701	1306	1215	1188	1238	1096
2905800	154	103	108	97	101
2905909	92	86	85	87	97
2906006	344	330	327	281	274
2906105	28	11	6	15	6
2906204	109	90	97	75	65
2906303	164	196	157	188	156
2906402	50	24	43	37	41
2906501	531	512	529	454	465
2906600	71	51	33	46	61
2906709	163	142	134	141	152
2906808	225	226	178	163	167
2906824	84	70	69	48	67
2906857	69	51	46	39	35
2906873	238	245	196	177	126
2906899	38	39	26	30	34
2906907	110	77	79	65	76
2907004	34	27	21	33	22
2907103	109	104	108	101	68
2907202	274	258	282	224	213
2907301	169	136	168	134	153
2907400	4	4	4	5	4
2907509	256	271	270	249	214
2907558	27	22	14	19	25
2907608	77	71	57	70	56
2907707	54	34	47	42	45
2907806	175	190	158	179	190
2907905	71	69	75	82	96
2908002	138	153	152	142	106
2908101	77	39	44	31	56
2908200	76	86	65	61	70
2908309	93	95	71	81	92
2908408	323	358	319	302	307
2908507	157	182	173	154	110
2908606	88	71	76	92	100
2908705	108	91	101	96	101
2908804	24	26	16	25	15
2908903	94	69	74	76	96
2909000	44	41	39	33	32
2909109	61	64	58	73	56
2909208	57	56	58	47	47
2909307	167	149	108	140	102
2909406	62	32	49	33	32
2909505	34	26	24	27	17
2909604	114	105	91	92	91
2909703	61	44	38	27	29
2909802	327	338	325	338	336
2909901	131	130	93	131	111
2910008	32	37	33	27	32
2910057	299	249	246	271	233
2910107	54	54	53	71	48
2910206	14	8	10	13	12
2910305	41	48	60	46	53
2910404	103	112	90	94	103
2910503	231	227	194	187	196
2900504	35	33	36	25	33
2910602	201	188	172	158	163
2910701	372	341	341	324	308
2910727	852	802	651	630	628
2910750	82	83	70	79	78
2910776	11	7	13	11	13
2910800	4679	4537	4623	4340	4182
2910859	85	94	77	80	98
2910909	18	22	14	9	10
2911006	38	60	42	45	41
2911105	100	79	61	62	68
2911204	157	188	175	151	137
2911253	26	13	11	17	20
2911303	52	46	36	46	40
2911402	45	53	36	40	27
2911501	35	33	26	18	16
2911600	84	64	85	93	79
2911659	40	40	35	30	20
2911709	867	804	790	674	684
2911808	81	58	59	59	64
2911857	53	48	53	34	47
2911907	167	143	167	147	115
2912004	64	61	74	66	81
2912103	116	152	166	151	140
2912202	31	28	28	26	35
2912301	81	68	88	75	53
2912400	55	74	84	57	52
2912509	67	72	79	69	55
2912608	13	14	10	12	17
2912707	127	110	90	94	77
2912806	35	39	51	35	36
2912905	130	149	117	88	111
2913002	106	110	97	110	104
2913101	78	79	77	80	89
2913200	200	185	209	159	218
2913309	19	23	33	24	27
2913408	83	75	60	63	59
2913457	38	42	24	31	18
2913507	144	122	127	119	131
2913606	1505	1661	1471	1479	1476
2913705	181	161	185	195	183
2913804	74	51	59	48	57
2913903	427	382	403	364	326
2914000	345	304	403	325	325
2914109	75	56	72	64	59
2914208	41	32	50	39	43
2914307	32	50	29	34	34
2914406	174	157	137	128	125
2914505	160	165	154	134	133
2914604	1015	990	992	1002	868
2914653	171	177	157	178	160
2914703	458	408	405	370	428
2914802	2781	3080	2702	2742	2627
2914901	82	71	67	70	51
2915007	57	57	44	54	43
2915106	87	74	78	72	79
2915205	41	34	44	43	70
2915304	45	43	31	43	40
2915353	41	58	43	32	32
2915403	26	24	23	19	34
2915502	80	115	85	64	79
2915601	433	380	380	347	364
2915700	37	36	42	26	38
2915809	153	151	130	134	110
2915908	16	15	12	14	23
2916005	128	128	110	82	102
2916104	184	200	179	192	192
2916203	34	48	37	42	32
2916302	61	74	51	42	50
2916401	596	605	519	495	401
2916500	113	108	118	104	106
2916609	42	49	49	26	36
2916708	53	44	57	41	35
2916807	82	55	77	60	52
2916856	72	66	106	72	66
2916906	83	91	90	79	65
2917003	160	164	189	161	138
2917102	101	104	112	149	127
2917201	95	86	66	71	96
2917300	121	106	117	97	117
2917334	34	30	32	24	40
2917359	46	47	39	30	32
2917409	65	70	81	70	78
2917508	640	581	600	738	613
2917607	316	287	254	272	240
2917706	195	164	166	140	135
2917805	52	42	51	40	40
2917904	31	32	34	21	32
2918001	1455	1401	1405	1338	1374
2918100	172	193	176	144	159
2918209	71	60	69	58	59
2918308	69	63	84	78	47
2918357	103	85	79	84	36
2918407	1656	1670	1674	1724	1817
2918456	39	31	26	28	28
2918506	79	58	57	58	38
2918555	32	20	21	15	22
2918605	64	42	66	51	61
2918704	16	19	14	10	13
2918753	32	39	30	40	21
2918803	113	92	119	108	74
2918902	15	19	12	1	9
2919009	12	12	9	14	22
2919058	38	45	46	39	32
2919108	28	13	28	25	23
2919157	107	100	118	78	97
2919207	1057	1096	1116	1183	1007
2919306	51	29	50	31	40
2919405	54	57	57	48	37
2919504	230	214	206	182	165
2919553	170	190	181	132	140
2919603	69	82	64	64	63
2919702	94	74	71	100	106
2919801	212	199	207	218	211
2919900	28	35	31	31	24
2919926	90	91	102	80	75
2919959	36	31	28	32	31
2920007	41	31	29	29	41
2920106	110	144	135	98	126
2920205	58	56	45	46	21
2920304	41	20	16	18	23
2920403	39	43	58	25	29
2920452	22	8	17	6	4
2920502	157	145	136	146	129
2920601	186	165	150	165	139
2920700	44	40	30	34	27
2920809	40	36	39	39	37
2920908	59	62	54	47	32
2921005	221	223	211	238	195
2921054	45	29	32	29	27
2921104	187	185	133	142	149
2921203	163	173	177	160	188
2921302	58	65	69	49	63
2921401	54	33	57	49	58
2921450	24	24	21	18	25
2921500	279	245	278	263	268
2921609	41	50	35	34	15
2921708	209	164	160	173	178
2921807	71	59	81	67	56
2921906	49	45	42	54	38
2922003	168	160	160	125	152
2922052	72	54	30	47	41
2922102	112	124	105	107	102
2922201	11	17	10	24	18
2922250	28	20	19	45	29
2922300	108	115	111	109	80
2922409	146	115	114	117	117
2922508	218	197	159	124	166
2922607	39	46	41	31	24
2922656	57	65	49	49	54
2922706	71	60	73	47	66
2922730	50	40	42	37	26
2922755	13	17	17	15	14
2922805	37	30	25	42	24
2922854	39	23	27	25	36
2922904	150	169	142	125	105
2923001	207	200	173	166	180
2923035	45	55	37	39	5
2923050	25	20	21	17	16
2923100	128	132	136	135	110
2923209	116	126	116	85	89
2923308	46	44	49	44	35
2923357	60	57	51	19	43
2923407	100	93	100	66	70
2923506	26	25	40	19	24
2923605	220	219	205	200	206
2923704	164	150	127	82	140
2923803	122	122	107	120	129
2923902	41	44	38	48	37
2924009	847	854	778	767	772
2924058	69	49	71	58	49
2924108	32	28	25	26	30
2924207	27	57	26	31	36
2924306	112	135	127	130	72
2924405	108	88	104	91	90
2924504	69	60	75	45	52
2924603	119	76	73	47	61
2924652	57	46	60	49	46
2924678	24	17	20	30	21
2924702	57	46	44	32	63
2924801	118	128	116	109	112
2924900	19	23	26	21	25
2925006	122	140	132	104	130
2925105	311	306	274	263	269
2925204	134	163	175	172	111
2925253	76	79	90	56	76
2925303	886	869	752	808	716
2925402	46	40	24	33	36
2925501	146	139	109	109	85
2925600	66	70	57	45	53
2925709	55	61	62	61	59
2925758	94	117	126	90	100
2925808	156	125	111	132	106
2925907	119	99	129	96	134
2925931	21	22	18	24	36
2925956	138	119	141	107	101
2926004	200	191	192	212	197
2926103	56	48	46	52	64
2926202	86	78	99	84	84
2926301	198	171	210	175	210
2926400	140	165	141	117	141
2926509	40	29	50	34	33
2926608	570	495	501	444	424
2926657	25	25	19	24	14
2926707	57	79	93	77	67
2926806	45	49	47	34	25
2926905	31	40	38	35	43
2927002	239	198	209	193	154
2927101	45	37	34	27	30
2927200	206	219	237	203	217
2927309	65	53	68	64	54
2927408	20261	19434	20227	19835	19347
2927507	122	108	129	100	125
2927606	30	31	38	41	43
2927705	92	51	123	102	81
2927804	24	30	32	20	19
2927903	80	97	75	58	68
2928000	57	62	56	45	32
2928059	206	182	184	195	182
2928109	122	64	122	86	87
2928208	58	65	70	57	73
2928307	156	189	198	141	199
2928406	79	85	76	60	64
2928505	49	33	43	32	47
2928604	274	254	246	294	258
2928703	1244	1116	1004	994	882
2928802	296	284	298	263	257
2928901	95	58	63	68	73
2928950	44	36	40	35	36
2929107	92	86	86	130	108
2929008	221	236	216	233	261
2929057	72	97	58	51	67
2929206	168	140	208	149	154
2929255	66	67	54	56	54
2929305	161	124	153	152	139
2929354	21	36	25	28	23
2929370	40	31	31	28	42
2929404	37	31	28	25	36
2929503	197	196	194	184	178
2929602	100	94	76	98	106
2929701	98	99	86	80	69
2929750	73	35	81	52	54
2929800	65	49	64	70	63
2929909	231	239	205	248	154
2930006	37	36	50	29	39
2930105	475	551	555	475	429
2930204	83	84	109	76	78
2930154	119	111	123	127	119
2930303	66	72	67	78	69
2930402	108	100	105	96	107
2930501	450	451	441	394	388
2930600	67	69	63	60	63
2930709	622	523	572	538	532
2930758	44	41	34	24	18
2930766	36	48	39	34	37
2930774	90	95	80	76	70
2930808	91	88	56	64	51
2930907	33	17	43	51	34
2931004	95	72	69	74	82
2931053	73	81	79	57	60
2931103	66	30	40	37	48
2931202	62	56	50	70	71
2931301	76	88	66	56	70
2931350	1308	1186	1127	1125	1119
2931400	40	28	48	28	38
2931509	103	93	95	67	95
2931608	45	54	61	55	39
2931707	43	49	68	56	52
2931806	86	107	123	88	101
2931905	225	233	253	217	237
2932002	132	127	86	103	120
2932101	107	106	105	102	91
2932200	92	102	99	97	99
2932309	93	125	112	120	107
2932408	68	80	58	43	48
2932457	38	24	28	19	23
2932507	115	122	130	109	103
2932606	77	85	73	50	51
2932705	74	82	90	99	79
2932804	87	94	106	88	88
2932903	556	588	547	602	547
2933000	104	110	111	94	98
2933059	51	52	57	44	58
2933109	49	31	48	45	44
2933158	56	58	43	31	40
2933174	24	28	32	27	42
2933208	211	162	174	117	118
2933257	29	28	29	14	17
2933307	3137	3066	2967	2992	2879
2933406	46	44	38	54	55
2933455	60	38	24	42	37
2933505	95	76	69	70	72
2933604	229	202	202	197	187