Município	IBGE	Neoplasias (tumores)	Doenças do aparelho circulatório	Causas externas de morbidade e mortalidade	Sint sinais e achados anorm ex clin e labor	Neoplasias (tumores)	Doenças do aparelho circulatório	Causas externas de morbidade e mortalidade	Sint sinais e achados anorm ex clin e labor	Neoplasias (tumores)	Doenças do aparelho circulatório	Causas externas de morbidade e mortalidade	Sint sinais e achados anorm ex clin e labor	Neoplasias (tumores)	Doenças do aparelho circulatório	Causas externas de morbidade e mortalidade	Sint sinais e achados anorm ex clin e labor	Neoplasias (tumores)	Doenças do aparelho circulatório	Causas externas de morbidade e mortalidade	Sint sinais e achados anorm ex clin e labor
290010 Abaíra	2900108	8	19	9	11	6	8	2	2	6	5	6	4	10	3	7	14	6	3	7	3
290020 Abaré	2900207	8	17	12	2	13	7	19	3	16	7	19	3	11	3	13	3	6	6	16	1
290030 Acajutiba	2900306	4	20	22	27	16	7	16	32	12	5	15	34	14	7	15	12	10	13	17	15
290035 Adustina	2900355	9	11	4	21	4	3	10	43	8	4	9	29	7	4	12	10	11	9	14	6
290040 Água Fria	2900405	2	10	12	38	2	4	11	22	0	0	6	35	9	4	9	51	2	6	7	25
290060 Aiquara	2900603	2	3	2	8	3	3	4	10	4	1	3	9	3	2	2	12	4	2	1	8
290070 Alagoinhas	2900702	113	321	208	88	138	121	171	83	110	93	161	82	117	111	158	57	151	120	174	87
290080 Alcobaça	2900801	18	23	24	11	27	9	24	12	12	4	29	20	13	5	28	20	12	9	31	20
290090 Almadina	2900900	4	13	6	0	3	4	5	0	7	7	7	1	9	4	3	3	8	9	7	4
290100 Amargosa	2901007	22	50	22	81	35	41	27	33	46	31	18	25	34	30	25	8	36	17	23	18
290110 Amélia Rodrigues	2901106	9	33	20	10	19	10	20	19	32	13	28	22	20	14	29	14	19	10	12	17
290115 América Dourada	2901155	9	16	10	5	18	11	8	2	10	7	12	8	20	8	5	3	15	6	11	6
290120 Anagé	2901205	3	15	13	48	20	6	10	30	12	8	15	34	11	8	13	59	13	7	16	53
290130 Andaraí	2901304	8	19	15	0	12	4	6	15	10	9	7	18	11	3	5	15	8	5	10	16
290135 Andorinha	2901353	0	9	5	49	3	4	12	50	5	3	8	55	9	4	7	34	9	7	1	24
290140 Angical	2901403	7	25	14	11	4	0	12	35	10	5	15	8	4	6	19	8	14	6	6	14
290150 Anguera	2901502	5	23	13	15	9	3	4	12	7	4	4	6	9	5	9	7	7	5	1	5
290160 Antas	2901601	2	9	11	27	15	7	7	21	6	11	10	8	13	6	15	13	11	10	8	9
290170 Antônio Cardoso	2901700	1	2	4	11	7	0	7	18	8	7	10	11	7	6	6	10	4	4	6	14
290180 Antônio Gonçalves	2901809	1	30	3	36	5	1	6	35	3	5	2	29	4	1	4	28	5	0	4	35
290190 Aporá	2901908	5	5	16	11	12	14	15	10	11	9	15	16	9	7	12	19	11	8	17	16
290195 Apuarema	2901957	3	18	2	9	4	5	3	10	6	5	5	6	5	7	4	5	6	5	5	4
290205 Araças	2902005	2	20	14	11	6	5	13	10	10	4	5	9	7	11	7	6	8	2	6	12
290200 Aracatu	2902054	12	43	7	11	12	7	9	3	12	9	5	15	8	3	12	2	8	2	12	12
290210 Araci	2902104	22	6	25	77	25	20	35	92	18	23	37	82	16	19	35	73	32	23	19	56
290220 Aramari	2902203	4	7	7	11	6	1	8	9	4	7	4	7	5	7	8	4	6	5	7	5
290225 Arataca	2902252	1	1	13	14	4	6	17	10	7	2	6	7	1	5	14	7	9	4	11	16
290230 Aratuípe	2902302	0	21	8	6	5	5	5	4	6	6	7	3	4	6	6	1	8	4	7	3
290240 Aurelino Leal	2902401	5	4	17	18	10	5	10	20	9	9	9	18	6	9	15	20	6	11	9	17
290250 Baianópolis	2902500	0	28	6	26	5	1	6	17	5	0	8	11	5	2	3	21	6	0	8	16
290260 Baixa Grande	2902609	7	91	11	58	12	17	10	35	16	13	11	39	7	9	9	49	14	15	9	27
290265 Banzaê	2902658	1	43	1	21	6	1	8	24	3	5	4	32	6	4	7	20	8	11	9	13
290270 Barra	2902708	33	36	27	32	33	20	42	30	30	12	26	40	21	12	37	22	21	19	46	9
290280 Barra da Estiva	2902807	19	29	16	11	18	11	18	12	13	14	8	6	14	11	12	2	15	10	10	1
290290 Barra do Choça	2902906	17	4	29	53	23	8	43	52	28	12	28	13	24	12	20	37	26	18	30	16
290300 Barra do Mendes	2903003	10	291	14	0	16	8	8	2	18	8	10	0	10	9	6	1	11	5	11	5
290310 Barra do Rocha	2903102	3	21	11	6	5	3	6	2	3	3	14	2	5	4	3	3	3	3	3	1
290320 Barreiras	2903201	101	12	248	22	102	25	151	10	87	30	151	20	80	41	159	8	80	40	156	23
290323 Barro Alto	2903235	3	9	10	21	12	11	9	5	10	10	5	2	9	3	6	7	7	6	10	4
290330 Barro Preto	2903276	0	39	7	1	5	5	4	4	7	9	9	4	6	8	5	3	9	6	10	4
290327 Barrocas	2903300	9	43	2	18	8	2	6	13	17	5	19	6	9	5	5	17	3	4	9	11
290340 Belmonte	2903409	15	10	18	10	14	10	11	12	18	13	18	6	7	20	26	7	10	12	10	1
290350 Belo Campo	2903508	9	19	17	27	14	8	14	18	12	14	11	23	8	10	12	35	6	6	16	29
290360 Biritinga	2903607	7	18	11	43	13	10	12	16	12	9	10	25	12	6	9	22	4	10	6	28
290370 Boa Nova	2903706	7	99	8	20	9	16	13	10	14	10	13	17	17	6	5	17	18	9	13	15
290380 Boa Vista do Tupim	2903805	7	18	13	33	8	6	7	27	9	2	15	26	10	4	15	25	9	5	10	16
290390 Bom Jesus da Lapa	2903904	25	30	81	49	37	10	77	84	49	13	51	57	47	14	46	35	26	20	39	80
290395 Bom Jesus da Serra	2903953	10	14	2	25	5	2	8	28	5	3	6	14	4	2	10	17	6	3	6	9
290400 Boninal	2904001	7	60	4	28	4	4	3	36	3	2	4	47	5	2	6	39	7	2	8	37
290405 Bonito	2904050	2	21	7	18	6	5	9	10	5	0	6	23	6	8	17	16	6	1	12	7
290410 Boquira	2904100	12	37	8	10	21	13	5	12	11	25	8	2	15	22	8	1	15	14	13	3
290420 Botuporã	2904209	6	1	2	2	10	8	3	1	8	7	7	5	11	5	5	3	7	6	2	4
290430 Brejões	2904308	7	31	8	4	10	11	2	14	8	6	3	4	12	14	6	4	10	10	3	3
290440 Brejolândia	2904407	0	0	6	2	6	4	8	9	4	0	5	15	6	3	6	8	4	0	6	11
290450 Brotas de Macaúbas	2904506	9	113	9	5	19	6	10	2	12	2	14	1	11	3	10	6	6	6	7	4
290460 Brumado	2904605	78	22	43	37	77	20	56	52	62	16	39	81	53	11	50	42	58	15	51	46
290470 Buerarema	2904704	5	18	14	27	26	19	31	19	21	18	12	27	16	21	13	31	16	7	15	20
290475 Buritirama	2904753	6	6	6	11	8	10	10	4	14	7	6	4	5	5	10	4	8	1	9	2
290480 Caatiba	2904803	5	18	2	14	5	2	6	9	4	3	3	11	5	2	1	6	5	2	5	7
290485 Cabaceiras do Paraguaçu	2904852	5	65	16	8	9	12	12	1	22	18	13	6	14	16	11	4	13	11	17	4
290490 Cachoeira	2904902	16	35	39	12	33	36	32	9	27	40	36	18	27	28	26	16	22	28	24	8
290500 Caculé	2905008	13	17	9	16	19	14	15	13	14	17	18	17	16	25	11	23	19	7	16	7
290510 Caém	2905107	6	19	9	8	5	8	10	14	3	8	4	25	4	4	11	25	3	0	8	8
290515 Caetanos	2905156	5	71	2	7	7	1	3	3	6	5	4	11	5	6	7	14	6	4	8	6
290520 Caetité	2905206	34	17	18	46	43	16	37	51	51	20	39	20	54	20	31	9	30	17	38	39
290530 Cafarnaum	2905305	6	6	8	7	13	10	16	10	20	8	14	0	16	4	10	10	11	4	10	40
290540 Cairu	2905404	0	31	13	3	8	3	17	2	12	5	11	8	9	10	9	6	5	4	6	2
290550 Caldeirão Grande	2905503	10	53	11	3	12	8	6	3	9	8	6	14	9	3	11	21	7	5	3	22
290560 Camacan	2905602	15	359	33	16	21	15	22	50	14	21	28	44	24	17	22	48	21	17	34	57
290570 Camaçari	2905701	111	35	383	57	197	93	352	58	204	84	295	51	185	60	312	29	154	63	296	58
290580 Camamu	2905800	4	22	40	33	23	13	54	28	13	21	41	16	16	25	27	23	11	15	32	31
290590 Campo Alegre de Lourdes	2905909	10	92	14	25	13	16	10	18	12	9	12	4	3	9	19	16	16	9	10	8
290600 Campo Formoso	2906006	26	10	26	103	30	23	48	102	38	27	43	75	27	17	37	125	31	10	40	102
290610 Canápolis	2906105	1	36	3	8	2	0	2	0	1	0	9	1	0	6	6	2	1	1	7	0
290620 Canarana	2906204	15	48	18	4	23	12	12	11	24	9	17	9	16	6	22	32	18	16	19	10
290630 Canavieiras	2906303	15	8	29	35	23	28	38	36	26	28	21	24	21	24	39	38	21	26	37	33
290640 Candeal	2906402	3	163	9	26	2	2	3	18	3	4	3	26	10	2	5	17	7	4	6	21
290650 Candeias	2906501	25	23	94	47	71	40	106	26	66	29	90	30	56	37	86	32	59	35	85	13
290660 Candiba	2906600	10	45	13	12	14	2	6	6	11	0	11	1	5	4	10	3	15	1	14	4
290670 Cândido Sales	2906709	18	59	16	27	14	13	21	39	9	14	14	47	17	5	25	56	7	9	27	51
290680 Cansanção	2906808	23	7	20	33	33	22	32	35	24	21	21	71	16	13	19	77	17	18	20	85
290682 Canudos	2906824	8	12	9	33	12	1	9	38	11	5	11	28	4	6	12	12	12	3	9	23
290685 Capela do Alto Alegre	2906857	3	87	5	34	11	4	9	14	5	1	9	18	6	5	12	9	8	2	9	13
290687 Capim Grosso	2906873	21	6	24	30	23	19	39	29	13	8	23	42	21	11	27	44	16	13	31	39
290689 Caraíbas	2906899	1	32	3	26	6	2	8	30	6	1	7	17	6	2	9	16	7	1	3	7
290690 Caravelas	2906907	11	6	21	11	16	10	11	23	14	7	21	10	9	7	22	10	8	5	15	12
290700 Cardeal da Silva	2907004	5	32	9	4	7	4	6	4	5	5	4	8	7	3	9	1	3	4	10	0
290710 Carinhanha	2907103	15	56	14	27	17	7	21	39	16	5	15	39	16	5	26	31	8	7	15	13
290720 Casa Nova	2907202	49	52	41	54	50	13	65	35	55	16	37	32	39	31	45	30	32	22	43	39
290730 Castro Alves	2907301	17	2	11	38	13	12	25	51	19	16	10	61	12	18	15	30	18	20	11	59
290740 Catolândia	2907400	0	0	1	0	2	0	2	2	4	0	2	1	1	0	2	1	1	0	1	7
290750 Catu	2907509	36	71	37	31	47	40	61	38	38	32	58	31	38	26	57	18	30	40	38	8
290755 Caturama	2907558	3	14	5	0	4	6	4	1	6	3	2	2	5	3	2	0	5	1	5	1
290760 Central	2907608	12	28	11	2	22	4	22	13	10	10	11	11	20	5	7	16	8	6	14	11
290770 Chorrochó	2907707	11	21	7	1	7	5	12	2	4	3	15	3	6	2	8	3	3	2	7	3
290780 Cícero Dantas	2907806	6	36	20	65	22	17	19	71	17	15	19	47	19	12	18	80	30	39	25	17
290790 Cipó	2907905	3	10	4	38	8	5	8	37	6	4	8	33	11	9	6	32	14	6	9	27
290800 Coaraci	2908002	7	29	13	44	24	16	19	35	16	20	27	31	22	21	20	38	19	10	14	33
290810 Cocos	2908101	5	19	11	6	3	7	6	3	3	2	8	17	4	2	2	21	4	1	7	26
290820 Conceição da Feira	2908200	7	22	16	16	21	23	26	11	13	12	13	13	21	9	13	11	23	11	12	11
290830 Conceição do Almeida	2908309	8	34	17	12	22	16	12	9	8	15	13	10	10	10	4	18	15	13	4	20
290840 Conceição do Coité	2908408	29	97	36	34	55	41	57	39	30	29	43	33	44	26	49	47	41	38	38	71
290850 Conceição do Jacuípe	2908507	12	38	23	28	27	19	58	27	26	14	38	34	22	15	30	43	20	13	25	21
290860 Conde	2908606	5	17	22	17	13	4	14	21	15	8	7	12	12	14	36	12	15	9	21	20
290870 Condeúba	2908705	11	31	13	27	15	6	15	14	19	16	15	8	17	9	15	23	20	9	15	13
290880 Contendas do Sincorá	2908804	4	3	4	3	1	7	4	1	5	1	3	2	7	4	2	2	2	5	3	0
290890 Coração de Maria	2908903	8	24	15	30	16	8	24	16	18	14	19	22	11	9	12	49	9	1	16	64
290900 Cordeiros	2909000	5	13	4	7	6	3	5	9	14	8	4	2	8	4	2	3	4	0	10	10
290910 Coribe	2909109	4	13	13	16	13	7	12	8	10	5	7	10	9	12	11	22	9	9	7	11
290920 Coronel João Sá	2909208	5	15	8	16	8	11	17	19	12	9	8	7	6	8	10	20	13	7	14	11
290930 Correntina	2909307	10	17	31	69	4	7	18	58	12	10	20	14	4	11	31	11	3	7	25	10
290940 Cotegipe	2909406	5	8	14	25	6	7	9	10	5	0	10	24	6	3	15	15	4	0	4	28
290950 Cravolândia	2909505	2	9	3	7	8	5	0	4	4	6	3	2	4	0	3	2	3	1	3	2
290960 Crisópolis	2909604	7	23	11	44	13	10	16	48	8	12	11	26	9	6	12	43	4	7	15	50
290970 Cristópolis	2909703	8	15	8	9	7	4	9	5	9	6	12	7	4	1	9	7	6	6	8	6
290980 Cruz das Almas	2909802	31	89	37	41	73	42	48	33	42	39	53	23	54	59	57	26	57	34	42	19
290990 Curaçá	2909901	12	49	21	19	22	8	34	5	16	8	24	9	25	6	36	9	22	9	32	19
291000 Dário Meira	2910008	3	9	8	13	11	4	6	16	10	1	8	14	7	7	5	15	4	8	2	13
291005 Dias d'Ávila	2910057	20	64	88	36	50	26	85	23	46	26	70	11	54	38	82	20	41	34	80	8
291010 Dom Basílio	2910107	12	11	7	5	16	3	8	4	7	4	15	4	17	3	10	5	16	2	7	3
291020 Dom Macedo Costa	2910206	1	4	2	5	5	5	2	3	7	3	3	2	3	4	2	0	1	2	7	1
291030 Elísio Medrado	2910305	6	11	2	7	9	11	5	3	9	11	2	5	8	12	7	4	10	6	3	5
291040 Encruzilhada	2910404	14	34	15	9	13	11	19	12	16	11	14	12	12	9	27	14	14	12	17	13
291050 Entre Rios	2910503	23	66	57	28	30	11	55	43	20	14	38	34	29	10	58	22	26	14	34	36
290050 Érico Cardoso	2900504	11	10	3	6	11	8	3	5	9	5	6	5	12	6	2	3	7	5	3	5
291060 Esplanada	2910602	14	52	45	27	24	18	39	25	21	12	37	20	20	19	38	20	19	18	36	5
291070 Euclides da Cunha	2910701	25	70	45	112	31	27	44	119	37	31	36	120	36	36	38	96	43	40	33	51
291072 Eunápolis	2910727	82	312	140	26	78	44	169	15	87	38	134	17	78	43	147	5	79	46	136	15
291075 Fátima	2910750	9	20	12	20	16	6	11	27	15	8	11	9	17	4	10	18	24	8	13	10
291077 Feira da Mata	2910776	1	2	2	3	1	0	2	3	5	1	2	6	2	0	4	1	2	1	2	1
291080 Feira de Santana	2910800	678	870	813	650	525	201	665	648	511	225	585	787	544	256	608	548	475	273	581	392
291085 Filadélfia	2910859	13	33	9	11	7	8	15	27	8	8	5	27	12	7	11	33	14	12	12	22
291090 Firmino Alves	2910909	2	6	1	6	4	0	7	9	5	4	1	8	1	1	4	3	4	0	5	3
291100 Floresta Azul	2911006	4	13	7	5	10	7	12	10	10	11	3	10	10	8	5	11	8	5	10	14
291110 Formosa do Rio Preto	2911105	18	16	20	8	10	8	25	3	10	2	19	5	9	6	22	4	7	3	21	7
291120 Gandu	2911204	12	39	24	34	15	24	27	51	23	18	27	39	18	22	27	12	19	25	19	16
291125 Gavião	2911253	1	2	12	10	2	0	5	6	5	2	1	3	0	0	3	13	0	2	4	14
291130 Gentio do Ouro	2911303	5	20	7	1	9	5	8	11	4	4	7	22	5	3	11	16	8	6	6	5
291140 Glória	2911402	6	18	9	3	12	3	17	1	11	5	12	1	10	5	12	2	9	6	4	4
291150 Gongogi	2911501	2	7	6	9	6	3	3	8	4	6	3	18	2	4	2	13	4	6	0	7
291160 Governador Mangabeira	2911600	13	13	23	16	16	17	12	13	23	15	28	8	16	20	26	11	16	8	20	10
291165 Guajeru	2911659	5	26	2	4	7	2	7	1	4	4	4	1	9	3	6	3	5	1	2	4
291170 Guanambi	2911709	113	224	123	7	83	32	73	19	91	33	66	18	67	28	65	14	75	31	75	8
291180 Guaratinga	2911808	10	18	14	18	6	4	16	2	16	4	17	4	9	6	13	0	12	8	20	2
291185 Heliópolis	2911857	9	9	8	16	12	2	8	7	18	2	9	14	2	2	6	30	10	5	10	19
291190 Iaçu	2911907	15	53	26	19	26	14	43	15	23	22	27	20	16	19	25	25	12	11	17	29
291200 Ibiassucê	2912004	10	20	5	2	19	7	8	5	14	7	6	10	4	4	8	8	15	3	8	7
291210 Ibicaraí	2912103	9	25	13	35	29	29	20	33	24	33	32	34	17	12	18	74	25	20	18	58
291220 Ibicoara	2912202	3	12	9	5	8	6	13	6	5	2	16	8	11	3	10	3	9	7	13	2
291230 Ibicuí	2912301	8	28	7	13	16	11	9	8	9	15	13	18	12	10	9	11	6	6	5	12
291240 Ibipeba	2912400	8	13	11	0	16	10	16	3	20	10	9	1	10	3	11	6	12	7	12	4
291250 Ibipitanga	2912509	10	18	6	3	10	12	6	5	13	8	8	1	6	8	10	5	14	5	8	6
291260 Ibiquera	2912608	2	1	3	4	4	2	2	4	0	0	3	3	2	1	2	9	2	0	1	9
291270 Ibirapitanga	2912707	10	25	34	32	9	12	41	45	12	13	22	38	11	10	26	43	8	10	19	22
291280 Ibirapuã	2912806	6	7	5	6	13	3	6	5	12	6	7	5	2	4	4	5	10	3	6	6
291290 Ibirataia	2912905	11	26	13	44	22	39	14	25	14	28	12	12	13	15	5	19	14	27	10	22
291300 Ibitiara	2913002	6	17	8	45	9	2	10	45	5	7	11	41	11	9	11	19	7	4	10	33
291310 Ibititá	2913101	12	26	9	3	18	12	15	6	9	4	14	24	9	4	15	47	7	8	12	50
291320 Ibotirama	2913200	12	72	35	12	16	8	36	19	15	14	33	20	11	10	15	30	17	10	21	33
291330 Ichu	2913309	3	6	1	1	1	3	3	5	5	2	3	17	4	3	3	4	7	3	5	5
291340 Igaporã	2913408	14	18	7	17	8	9	4	14	9	4	13	8	14	3	5	3	16	3	10	2
291345 Igrapiúna	2913457	1	11	13	4	7	8	16	3	9	4	7	5	7	4	10	10	6	3	3	5
291350 Iguaí	2913507	5	19	29	64	6	9	10	64	17	11	8	41	20	10	16	14	26	15	10	16
291360 Ilhéus	2913606	204	312	230	230	177	186	155	189	158	150	169	139	168	152	184	124	122	116	238	225
291370 Inhambupe	2913705	16	48	34	38	16	15	46	56	22	10	38	69	22	26	49	48	20	12	26	39
291380 Ipecaetá	2913804	5	21	5	16	10	1	15	20	13	6	5	18	8	4	15	19	10	10	9	23
291390 Ipiaú	2913903	50	74	55	78	42	28	50	99	36	37	47	100	35	39	39	60	38	37	48	57
291400 Ipirá	2914000	18	47	38	171	36	10	54	147	28	20	57	219	33	5	45	158	41	27	42	125
291410 Ipupiara	2914109	9	37	5	2	8	13	9	0	8	16	5	0	10	18	12	0	6	10	6	0
291420 Irajuba	2914208	5	7	8	10	4	4	3	12	3	4	3	19	5	1	3	22	5	1	2	19
291430 Iramaia	2914307	3	6	2	19	6	4	6	19	4	2	5	12	6	2	6	18	7	3	6	12
291440 Iraquara	2914406	19	37	11	2	20	16	21	4	23	12	13	2	17	10	17	4	14	10	19	10
291450 Irará	2914505	12	53	16	16	24	10	32	64	20	16	24	63	16	11	18	56	14	8	14	60
291460 Irecê	2914604	104	267	138	1	49	24	71	1	36	15	77	2	64	13	75	51	51	17	66	1
291465 Itabela	2914653	18	45	54	17	20	19	69	4	21	12	48	7	21	21	58	4	18	18	58	13
291470 Itaberaba	2914703	45	155	81	43	60	42	77	39	47	54	61	37	54	46	62	20	57	51	54	41
291480 Itabuna	2914802	451	669	288	100	232	191	230	168	241	164	196	112	229	156	289	210	229	116	248	137
291490 Itacaré	2914901	5	11	30	13	10	9	18	10	7	8	23	12	7	5	25	16	9	11	27	8
291500 Itaeté	2915007	6	19	18	1	7	8	12	16	5	4	8	14	6	8	8	19	12	2	5	6
291510 Itagi	2915106	11	31	6	6	11	9	5	7	8	12	8	8	15	10	2	12	11	12	9	5
291520 Itagibá	2915205	2	9	8	21	10	12	9	18	9	8	14	14	18	5	6	17	8	21	17	9
291530 Itagimirim	2915304	3	16	8	13	5	4	9	22	6	2	9	14	7	3	10	19	5	5	4	26
291535 Itaguaçu da Bahia	2915353	7	13	9	0	10	7	10	2	7	3	16	6	3	3	10	14	4	2	10	13
291540 Itaju do Colônia	2915403	3	9	6	4	5	5	5	6	3	5	4	10	1	5	4	7	1	4	8	14
291550 Itajuípe	2915502	2	20	19	19	17	22	28	41	26	26	21	26	19	20	18	23	17	33	15	16
291560 Itamaraju	2915601	42	122	77	44	58	35	83	49	48	40	71	68	44	33	69	63	45	29	77	73
291570 Itamari	2915700	6	14	6	2	4	5	2	11	4	4	8	11	2	1	3	10	4	12	3	3
291580 Itambé	2915809	10	20	26	58	13	3	26	74	11	9	13	70	8	7	23	73	9	6	9	53
291590 Itanagra	2915908	3	4	3	2	4	2	6	7	6	0	7	2	4	3	13	2	2	2	6	5
291600 Itanhém	2916005	11	34	28	16	16	14	18	14	27	10	9	16	18	13	13	5	23	8	13	20
291610 Itaparica	2916104	22	47	26	20	18	17	25	22	20	21	16	16	21	15	17	10	16	22	21	4
291620 Itapé	2916203	3	7	5	12	7	7	7	18	10	9	9	14	8	9	14	2	11	13	5	8
291630 Itapebi	2916302	4	13	21	8	8	6	19	11	6	9	13	9	4	3	9	3	5	8	19	3
291640 Itapetinga	2916401	52	142	57	66	50	45	46	136	38	39	60	79	61	40	55	43	50	34	58	44
291650 Itapicuru	2916500	11	27	24	30	18	21	28	18	19	12	25	22	10	12	18	42	12	5	6	68
291660 Itapitanga	2916609	5	13	4	11	5	1	9	8	7	5	5	14	3	7	5	6	9	3	5	12
291670 Itaquara	2916708	4	15	6	10	7	4	7	14	2	11	2	21	5	5	4	22	2	5	2	10
291680 Itarantim	2916807	4	20	9	24	4	4	10	25	6	15	10	29	11	9	8	4	9	8	5	4
291685 Itatim	2916856	12	17	11	10	11	13	17	4	11	22	17	4	12	8	9	2	8	12	13	9
291690 Itiruçu	2916906	7	22	8	21	9	10	6	41	8	8	11	41	9	10	7	35	6	6	10	27
291700 Itiúba	2917003	14	67	20	13	27	24	20	22	21	33	27	37	23	21	34	27	13	22	25	21
291710 Itororó	2917102	14	25	9	20	14	6	15	48	13	6	10	42	17	15	12	38	11	13	17	19
291720 Ituaçu	2917201	17	33	4	14	18	8	14	14	10	4	7	16	12	6	11	20	26	8	11	13
291730 Ituberá	2917300	15	38	16	13	11	23	22	8	14	16	20	22	9	17	20	16	9	13	29	27
291733 Iuiú	2917334	3	13	3	1	2	3	10	3	5	5	7	13	4	7	5	1	3	6	5	9
291735 Jaborandi	2917359	12	7	6	3	4	3	4	0	8	3	7	3	4	4	6	4	6	1	6	2
291740 Jacaraci	2917409	13	19	10	2	9	3	10	8	19	4	7	8	13	3	8	14	13	9	11	15
291750 Jacobina	2917508	50	190	76	65	54	40	98	101	41	46	81	133	36	44	76	170	49	53	79	123
291760 Jaguaquara	2917607	29	62	43	83	46	48	28	112	36	45	38	70	24	36	29	90	39	34	32	57
291770 Jaguarari	2917706	15	32	26	74	11	10	11	95	13	18	25	94	18	6	18	68	12	8	18	88
291780 Jaguaripe	2917805	2	10	25	8	8	5	11	10	9	10	18	14	11	5	10	7	11	8	9	7
291790 Jandaíra	2917904	2	11	10	4	5	1	11	4	4	2	12	7	4	6	3	6	3	3	6	2
291800 Jequié	2918001	125	266	224	284	115	77	177	255	110	71	175	334	96	72	180	241	104	92	142	225
291810 Jeremoabo	2918100	21	53	18	5	45	17	32	6	31	23	28	12	22	16	30	6	24	30	21	8
291820 Jiquiriçá	2918209	7	25	8	4	7	13	11	7	12	13	10	6	7	9	8	13	6	2	5	32
291830 Jitaúna	2918308	6	16	8	28	4	12	5	14	10	12	6	16	7	10	10	39	10	7	6	19
291835 João Dourado	2918357	11	27	26	14	22	6	19	20	19	6	21	25	17	10	15	38	13	4	10	5
291840 Juazeiro	2918407	286	319	200	234	172	64	217	191	195	61	211	155	184	67	196	151	195	64	202	173
291845 Jucuruçu	2918456	2	10	6	18	2	0	13	21	3	0	5	17	4	3	5	12	2	1	8	18
291850 Jussara	2918506	18	21	10	3	11	8	12	4	14	10	14	2	22	8	12	2	8	13	13	2
291855 Jussari	2918555	1	11	10	2	1	3	6	3	3	3	7	4	1	4	4	4	5	4	8	7
291860 Jussiape	2918605	10	27	2	2	7	2	5	0	18	8	6	2	7	0	6	5	7	3	3	3
291870 Lafaiete Coutinho	2918704	1	4	4	5	5	2	1	14	1	2	4	10	3	2	1	2	6	2	2	4
291875 Lagoa Real	2918753	2	15	1	7	7	2	3	13	17	8	5	8	16	5	5	15	5	5	4	6
291880 Laje	2918803	13	27	20	32	19	14	11	17	12	21	22	10	9	15	15	14	14	16	11	5
291890 Lajedão	2918902	2	6	1	2	6	1	2	3	3	3	4	1	1	0	1	1	4	3	2	5
291900 Lajedinho	2919009	0	1	5	7	2	2	2	6	4	1	2	3	2	2	3	5	1	0	23	1
291905 Lajedo do Tabocal	2919058	4	17	3	3	10	1	5	13	4	1	3	23	4	0	11	17	7	3	4	7
291910 Lamarão	2919108	2	7	7	9	7	3	1	7	3	7	4	6	8	3	4	7	2	2	7	13
291915 Lapão	2919157	19	26	22	0	23	14	27	2	29	17	23	3	17	13	18	9	22	18	19	7
291920 Lauro de Freitas	2919207	101	261	254	69	208	66	242	41	184	76	237	45	193	62	303	48	162	66	254	58
291930 Lençóis	2919306	6	8	21	7	4	8	8	5	6	5	8	2	1	3	8	3	8	7	6	8
291940 Licínio de Almeida	2919405	6	13	4	12	7	7	5	7	5	4	8	12	6	6	6	5	13	7	6	3
291950 Livramento de Nossa Senhora	2919504	33	74	14	9	37	15	28	24	31	15	30	10	31	29	23	14	31	18	27	17
291955 Luís Eduardo Magalhães	2919553	14	21	59	36	32	5	96	26	18	6	97	21	11	6	87	12	20	6	67	33
291960 Macajuba	2919603	6	11	5	23	7	7	10	34	10	11	3	14	7	2	4	28	3	8	4	21
291970 Macarani	2919702	10	31	7	25	11	3	8	37	8	3	6	35	12	9	18	43	11	10	17	25
291980 Macaúbas	2919801	28	64	15	59	27	23	19	63	30	18	26	65	27	12	26	79	27	14	19	72
291990 Macururé	2919900	6	9	3	0	5	3	3	2	5	5	3	0	4	5	7	1	4	5	6	2
291992 Madre de Deus	2919926	9	22	14	5	22	6	14	8	17	7	12	5	14	7	16	2	16	2	19	4
291995 Maetinga	2919959	4	16	0	2	5	4	3	0	3	3	2	4	4	4	5	2	5	2	2	2
292000 Maiquinique	2920007	2	9	7	12	6	5	2	6	2	3	2	12	1	2	4	4	7	0	7	4
292010 Mairi	2920106	8	35	16	13	16	17	15	7	16	20	17	26	13	19	10	10	18	19	11	25
292020 Malhada	2920205	7	22	12	7	9	6	6	20	6	3	7	22	3	2	14	9	4	3	2	3
292030 Malhada de Pedras	2920304	8	8	5	10	3	0	2	8	8	0	2	8	6	2	3	4	3	3	4	6
292040 Manoel Vitorino	2920403	1	13	3	15	5	5	11	33	11	5	9	38	2	2	9	20	8	6	11	24
292045 Mansidão	2920452	2	11	3	4	1	1	4	0	2	3	9	2	2	1	2	1	0	1	3	1
292050 Maracás	2920502	13	29	19	41	10	13	21	34	11	8	20	47	20	15	25	22	25	11	15	20
292060 Maragogipe	2920601	8	46	42	22	28	21	39	21	34	29	24	13	33	31	41	14	35	27	28	17
292070 Maraú	2920700	3	10	17	7	6	6	12	9	7	2	12	6	8	5	10	6	4	3	8	10
292080 Marcionílio Souza	2920809	6	20	1	5	9	7	6	6	7	11	7	5	3	7	7	9	4	4	4	11
292090 Mascote	2920908	0	4	25	29	10	2	15	33	6	8	18	23	4	3	14	22	5	7	33	6
292100 Mata de São João	2921005	17	65	54	16	54	18	52	16	30	19	38	9	37	22	53	14	38	14	52	10
292105 Matina	2921054	3	13	8	10	6	3	4	9	5	2	7	9	9	2	4	10	9	2	2	3
292110 Medeiros Neto	2921104	14	71	21	13	33	18	22	4	19	11	19	13	17	14	20	5	28	13	19	3
292120 Miguel Calmon	2921203	22	42	11	26	22	21	14	16	19	26	18	49	17	25	20	37	11	21	24	55
292130 Milagres	2921302	6	14	15	5	10	9	9	5	13	5	13	7	7	5	6	0	10	11	7	2
292140 Mirangaba	2921401	2	11	6	28	7	8	9	14	6	4	7	33	7	3	10	31	9	3	7	26
292145 Mirante	2921450	8	7	2	3	4	4	3	7	3	0	1	12	2	1	4	10	2	1	3	15
292150 Monte Santo	2921500	10	47	27	133	15	20	27	127	11	22	27	159	17	28	29	127	23	29	28	87
292160 Morpará	2921609	2	11	5	23	6	1	5	23	1	1	2	21	3	3	5	21	5	0	7	9
292170 Morro do Chapéu	2921708	29	78	30	14	39	20	27	10	24	13	27	10	23	20	32	34	25	25	12	27
292180 Mortugaba	2921807	6	13	6	32	5	2	8	24	6	5	6	32	3	4	7	28	7	1	10	17
292190 Mucugê	2921906	5	18	8	8	9	4	12	2	8	4	3	2	8	7	10	0	9	5	7	2
292200 Mucuri	2922003	17	36	44	25	25	15	37	23	24	20	39	13	19	12	36	13	21	18	32	16
292205 Mulungu do Morro	2922052	8	21	17	11	9	5	19	2	3	2	6	7	11	3	13	11	7	2	11	17
292210 Mundo Novo	2922102	5	13	9	63	14	7	22	60	5	12	12	50	8	14	15	58	13	7	5	55
292220 Muniz Ferreira	2922201	3	3	1	3	8	6	3	2	3	3	4	4	2	2	3	0	6	5	6	3
292225 Muquém de São Francisco	2922250	4	8	10	2	0	2	5	10	5	3	10	3	4	3	12	3	3	5	14	5
292230 Muritiba	2922300	15	34	21	7	30	24	19	9	21	26	22	4	16	20	22	8	15	20	25	5
292240 Mutuípe	2922409	7	34	15	25	18	12	18	17	21	15	16	10	22	16	7	14	12	19	10	5
292250 Nazaré	2922508	11	66	26	32	30	29	16	15	20	19	24	13	16	22	18	11	18	31	17	9
292260 Nilo Peçanha	2922607	1	8	11	11	4	7	14	15	7	6	4	15	5	5	7	14	4	2	6	10
292265 Nordestina	2922656	0	14	7	15	3	2	10	14	5	3	9	10	10	1	10	10	3	8	8	7
292270 Nova Canaã	2922706	9	26	4	9	10	1	0	29	9	2	5	45	4	0	7	33	4	3	7	36
292273 Nova Fátima	2922730	6	20	8	4	6	0	8	5	5	7	8	5	4	0	10	6	8	2	4	1
292275 Nova Ibiá	2922755	1	4	0	10	2	1	5	5	6	5	2	11	4	3	8	8	2	2	7	8
292280 Nova Itarana	2922805	1	16	8	0	6	2	13	5	5	5	4	5	4	9	7	5	5	4	1	12
292285 Nova Redenção	2922854	5	11	5	16	4	1	7	12	8	4	5	10	9	5	4	11	7	3	5	24
292290 Nova Soure	2922904	6	19	13	85	10	7	27	99	6	2	24	90	13	3	16	85	11	5	13	51
292300 Nova Viçosa	2923001	23	52	44	32	27	13	43	37	22	22	42	39	17	17	41	29	28	14	47	20
292303 Novo Horizonte	2923035	9	15	6	2	10	5	8	15	6	2	4	10	7	2	5	17	4	3	3	2
292305 Novo Triunfo	2923050	2	2	4	13	2	1	7	7	11	7	4	7	5	6	7	6	8	1	3	11
292310 Olindina	2923100	11	19	23	48	13	10	25	57	21	13	22	43	13	14	26	36	9	20	24	16
292320 Oliveira dos Brejinhos	2923209	13	24	19	28	14	6	22	38	12	7	21	32	11	8	15	31	6	7	14	42
292330 Ouriçangas	2923308	4	11	2	13	3	2	13	19	6	6	9	19	3	2	4	24	5	5	1	7
292335 Ourolândia	2923357	12	14	14	9	9	4	15	15	3	2	15	27	5	3	10	35	4	5	13	28
292340 Palmas de Monte Alto	2923407	13	20	13	24	13	8	9	25	12	8	15	22	8	6	16	14	13	4	22	5
292350 Palmeiras	2923506	0	1	5	20	1	1	6	14	4	2	7	29	4	1	3	10	6	5	2	16
292360 Paramirim	2923605	19	65	15	7	21	11	12	11	24	8	13	6	23	9	6	5	21	4	9	5
292370 Paratinga	2923704	4	35	15	77	4	3	14	83	7	5	9	66	9	6	13	30	11	12	11	25
292380 Paripiranga	2923803	10	23	10	65	20	7	16	44	19	13	10	34	26	23	24	11	15	19	24	19
292390 Pau Brasil	2923902	4	14	10	1	8	5	15	4	5	7	8	3	9	5	19	4	5	11	8	8
292400 Paulo Afonso	2924009	102	234	89	43	114	76	111	41	102	52	113	34	103	57	93	39	98	47	99	9
292405 Pé de Serra	2924058	3	23	9	16	13	7	11	12	10	1	6	25	6	8	9	19	7	2	13	14
292410 Pedrão	2924108	5	12	5	4	4	8	4	12	4	8	6	3	5	6	4	3	2	8	5	10
292420 Pedro Alexandre	2924207	3	10	3	4	14	3	15	8	6	4	7	1	7	4	7	1	4	10	4	3
292430 Piatã	2924306	10	26	7	40	12	9	10	60	11	8	12	63	11	13	7	65	10	4	11	16
292440 Pilão Arcado	2924405	1	34	7	51	3	8	12	38	10	9	12	34	10	9	14	18	13	7	21	11
292450 Pindaí	2924504	14	21	5	4	11	3	8	26	7	5	16	37	9	2	9	16	11	2	9	28
292460 Pindobaçu	2924603	6	13	8	64	9	9	11	41	8	8	16	33	6	8	12	18	6	8	17	12
292465 Pintadas	2924652	6	17	5	13	8	5	6	13	5	11	9	14	6	5	5	12	8	2	12	12
292467 Piraí do Norte	2924678	2	5	7	6	5	2	1	8	8	6	4	5	1	3	6	6	1	0	7	0
292470 Piripá	2924702	10	15	4	11	11	3	9	11	6	2	7	8	12	1	8	9	10	3	8	10
292480 Piritiba	2924801	11	39	14	10	26	26	19	17	10	15	21	32	5	18	19	58	6	7	12	55
292490 Planaltino	2924900	3	3	3	10	4	2	7	16	4	4	6	13	2	2	3	13	2	5	9	2
292500 Planalto	2925006	12	20	20	42	15	8	31	37	21	17	28	24	8	13	21	47	12	14	21	31
292510 Poções	2925105	36	65	41	74	39	30	48	76	41	45	39	35	35	40	34	42	40	41	38	43
292520 Pojuca	2925204	14	34	31	12	27	16	56	35	20	23	56	11	33	16	62	17	26	10	52	3
292525 Ponto Novo	2925253	3	12	13	24	4	3	19	31	12	4	14	36	8	3	12	24	14	15	15	17
292530 Porto Seguro	2925303	85	200	226	55	106	65	206	54	70	61	172	26	86	37	197	33	55	29	171	23
292540 Potiraguá	2925402	4	17	4	5	7	1	8	5	1	4	5	3	6	6	11	2	9	3	5	4
292550 Prado	2925501	13	39	31	35	8	9	40	41	12	8	29	33	13	10	26	35	6	10	28	35
292560 Presidente Dutra	2925600	13	23	5	0	11	14	16	2	8	7	18	1	20	4	16	11	10	5	16	3
292570 Presidente Jânio Quadros	2925709	3	22	0	11	7	5	3	12	10	8	3	8	12	5	7	15	11	2	10	22
292575 Presidente Tancredo Neves	2925758	8	26	19	19	15	14	23	35	12	10	30	46	7	13	28	30	10	12	35	29
292580 Queimadas	2925808	12	22	18	73	14	16	16	66	7	14	16	55	12	18	19	67	7	6	17	66
292590 Quijingue	2925907	11	27	11	49	15	9	15	34	14	8	18	51	14	11	10	39	8	10	8	71
292593 Quixabeira	2925931	1	7	5	2	10	5	4	2	5	4	4	9	3	3	4	23	1	5	7	27
292595 Rafael Jambeiro	2925956	7	40	18	42	14	11	23	22	11	17	23	30	13	13	11	25	11	13	14	27
292600 Remanso	2926004	21	55	28	16	20	17	31	20	25	13	31	30	28	15	24	34	25	13	30	23
292610 Retirolândia	2926103	6	18	7	9	8	5	10	9	5	7	8	17	5	2	12	27	7	8	3	23
292620 Riachão das Neves	2926202	7	14	27	33	8	4	31	41	8	5	21	47	9	7	12	42	6	6	22	47
292630 Riachão do Jacuípe	2926301	31	71	21	20	36	13	26	34	29	14	35	38	39	14	27	29	39	14	21	44
292640 Riacho de Santana	2926400	12	12	12	71	23	4	24	81	14	5	15	61	13	4	12	52	22	4	15	63
292650 Ribeira do Amparo	2926509	2	6	12	11	5	7	12	4	12	6	7	12	5	4	5	22	6	8	5	9
292660 Ribeira do Pombal	2926608	49	135	60	106	20	17	49	78	38	12	39	67	25	18	48	77	27	11	40	82
292665 Ribeirão do Largo	2926657	2	7	4	8	4	0	4	14	3	5	3	8	4	7	9	7	4	0	2	7
292670 Rio de Contas	2926707	9	14	3	7	11	7	9	3	14	13	6	5	19	8	6	3	13	10	8	4
292680 Rio do Antônio	2926806	8	18	2	7	13	6	8	8	11	6	6	6	9	5	11	2	4	2	5	1
292690 Rio do Pires	2926905	7	8	2	9	3	4	6	16	4	1	4	19	7	5	3	13	12	3	4	9
292700 Rio Real	2927002	21	57	45	47	30	8	59	37	18	35	43	32	24	28	64	15	22	32	36	15
292710 Rodelas	2927101	1	12	13	2	5	8	8	2	8	3	15	9	2	5	9	3	5	2	7	2
292720 Ruy Barbosa	2927200	17	72	22	33	24	14	21	46	23	14	31	69	18	13	24	55	18	27	26	56
292730 Salinas da Margarida	2927309	6	19	12	7	10	7	12	11	21	13	15	2	13	8	10	7	9	12	8	7
292740 Salvador	2927408	4872	4107	2937	797	2963	737	2512	650	2973	906	2494	608	2840	917	2442	453	2748	807	2485	506
292750 Santa Bárbara	2927507	10	26	25	24	12	25	17	9	19	21	9	12	19	18	17	16	19	11	10	11
292760 Santa Brígida	2927606	0	10	8	10	8	7	13	2	17	4	13	5	15	6	15	7	9	9	9	11
292770 Santa Cruz Cabrália	2927705	10	21	25	9	14	6	27	11	20	5	54	7	14	9	55	6	11	9	43	7
292780 Santa Cruz da Vitória	2927804	1	7	4	8	7	12	2	1	7	7	6	2	6	4	3	2	3	4	4	0
292790 Santa Inês	2927903	9	23	6	5	7	13	12	22	6	12	5	31	7	12	8	22	9	11	19	12
292805 Santa Luzia	2928000	1	3	20	30	8	4	27	28	5	2	30	19	6	7	21	21	8	4	22	16
292810 Santa Maria da Vitória	2928059	14	37	39	48	11	7	25	86	7	11	31	66	22	12	34	76	20	14	22	55
292840 Santa Rita de Cássia	2928109	11	31	13	13	4	5	23	6	14	9	29	7	12	7	21	6	12	10	22	9
292850 Santa Teresinha	2928208	9	12	7	8	11	10	9	9	7	7	6	5	9	3	12	4	11	6	16	0
292800 Santaluz	2928307	16	42	12	46	23	11	28	43	19	10	16	63	16	10	14	57	20	13	22	66
292820 Santana	2928406	5	28	13	1	14	10	9	7	8	8	10	17	9	6	10	3	9	4	15	11
292830 Santanópolis	2928505	6	11	3	21	10	0	8	20	7	1	6	11	6	4	7	7	11	8	6	7
292860 Santo Amaro	2928604	19	75	57	20	50	39	45	45	56	44	49	38	52	45	42	28	40	35	34	22
292870 Santo Antônio de Jesus	2928703	119	414	184	32	77	72	100	33	66	54	75	53	70	58	79	35	68	55	77	39
292880 Santo Estêvão	2928802	27	89	34	37	43	33	52	44	51	25	47	53	44	33	47	33	34	30	53	40
292890 São Desidério	2928901	9	18	30	10	11	4	23	7	10	6	21	7	7	4	28	5	5	3	37	8
292895 São Domingos	2928950	5	17	2	5	8	3	5	3	10	2	14	1	7	2	9	2	7	4	6	0
292910 São Felipe	2929107	11	23	14	26	13	18	16	8	18	16	18	6	21	20	17	19	15	19	12	28
292900 São Félix	2929008	12	90	16	10	9	7	11	9	10	8	9	9	13	7	14	8	8	7	12	3
292905 São Félix do Coribe	2929057	6	30	11	7	4	11	18	2	6	6	12	10	10	4	13	5	10	6	12	10
292920 São Francisco do Conde	2929206	25	41	22	8	33	15	26	10	32	16	33	11	29	11	20	2	23	14	27	11
292925 São Gabriel	2929255	15	16	10	1	16	10	11	1	12	4	13	26	9	7	14	12	20	6	10	9
292930 São Gonçalo dos Campos	2929305	17	43	26	42	24	16	17	37	23	15	27	39	25	22	16	38	15	18	24	31
292935 São José da Vitória	2929354	0	8	7	4	10	3	12	27	3	2	11	13	5	2	3	14	3	3	4	13
292937 São José do Jacuípe	2929370	3	9	14	7	6	6	11	4	4	0	8	26	7	1	6	21	6	7	8	13
292940 São Miguel das Matas	2929404	9	13	4	6	6	6	13	5	10	7	10	1	6	5	5	4	7	7	4	7
292950 São Sebastião do Passé	2929503	20	48	53	30	33	15	56	11	36	27	38	13	33	29	37	6	34	21	42	14
292960 Sapeaçu	2929602	17	29	18	3	23	17	11	7	18	14	9	5	28	14	9	7	14	10	15	17
292970 Sátiro Dias	2929701	15	28	16	9	16	11	15	15	14	1	15	22	13	5	13	33	14	3	9	24
292975 Saubara	2929750	7	12	19	19	7	2	19	6	11	5	11	24	9	11	5	3	9	10	7	8
292980 Saúde	2929800	5	16	9	9	6	6	7	4	7	14	7	9	7	13	8	16	5	8	10	9
292990 Seabra	2929909	7	39	29	121	26	28	22	110	20	13	28	94	25	13	20	123	17	15	21	33
293000 Sebastião Laranjeiras	2930006	8	13	0	2	14	4	6	3	11	4	7	6	8	5	3	5	11	2	7	2
293010 Senhor do Bonfim	2930105	55	141	47	83	60	45	44	142	58	44	59	188	65	34	50	119	49	30	52	91
293020 Sento Sé	2930204	4	15	10	31	14	4	22	42	10	2	27	50	10	6	17	45	11	7	20	40
293015 Serra do Ramalho	2930154	7	12	29	52	13	6	30	52	13	7	21	56	17	6	23	56	8	4	21	51
293030 Serra Dourada	2930303	10	27	4	1	15	12	13	1	11	14	6	1	9	4	13	2	8	5	11	16
293040 Serra Preta	2930402	6	32	12	24	13	5	20	42	17	21	12	20	19	10	11	21	15	14	12	25
293050 Serrinha	2930501	27	87	78	130	53	39	54	120	29	52	57	110	45	39	55	116	43	35	71	99
293060 Serrolândia	2930600	6	17	12	10	6	4	13	16	8	11	10	21	4	6	12	16	2	9	11	26
293070 Simões Filho	2930709	48	128	195	66	97	43	182	36	101	45	158	33	103	54	201	15	88	40	185	38
293075 Sítio do Mato	2930758	7	12	10	0	7	4	17	1	5	3	9	1	3	1	2	4	2	4	6	7
293076 Sítio do Quinto	2930766	3	14	3	15	7	11	12	5	3	10	10	2	5	3	7	20	4	8	3	28
293077 Sobradinho	2930774	4	12	11	41	15	3	28	54	12	6	22	40	14	11	15	14	26	6	17	12
293080 Souto Soares	2930808	15	24	8	21	12	11	21	16	9	6	19	10	13	7	10	19	10	5	11	9
293090 Tabocas do Brejo Velho	2930907	2	11	5	6	4	1	9	5	7	1	8	10	5	4	4	6	1	3	3	16
293100 Tanhaçu	2931004	20	28	10	8	24	9	14	11	14	9	12	17	19	4	8	20	17	13	11	13
293105 Tanque Novo	2931053	9	34	7	7	15	7	12	21	19	10	8	16	15	6	6	2	10	2	7	13
293110 Tanquinho	2931103	4	14	21	20	5	8	7	14	11	5	7	16	2	6	3	16	7	4	7	8
293120 Taperoá	2931202	7	13	8	12	9	7	19	9	9	10	18	13	8	11	19	11	10	9	16	20
293130 Tapiramutá	2931301	10	27	3	5	10	9	17	3	7	9	6	8	7	12	8	8	6	10	8	14
293135 Teixeira de Freitas	2931350	201	329	193	88	130	51	195	129	114	40	197	150	128	59	200	103	161	47	179	118
293140 Teodoro Sampaio	2931400	1	11	10	12	6	6	7	5	8	11	10	6	9	4	7	5	7	10	5	11
293150 Teofilândia	2931509	6	18	17	35	15	9	13	28	10	7	11	50	6	8	14	24	18	7	14	19
293160 Teolândia	2931608	4	11	10	3	8	12	17	0	8	8	12	4	5	8	15	4	7	3	12	5
293170 Terra Nova	2931707	4	13	2	8	5	4	8	10	9	2	18	6	11	3	15	10	10	7	12	5
293180 Tremedal	2931806	5	18	8	23	9	8	10	46	15	11	14	29	13	2	7	49	9	9	18	27
293190 Tucano	2931905	12	48	38	71	19	13	28	103	26	10	44	120	20	13	40	85	15	16	42	107
293200 Uauá	2932002	15	44	12	26	19	4	12	63	10	9	12	34	20	9	7	49	14	5	11	66
293210 Ubaíra	2932101	14	38	10	13	13	14	14	14	8	20	13	10	15	12	15	14	14	12	8	22
293220 Ubaitaba	2932200	11	28	16	13	15	15	33	29	7	9	34	42	12	15	22	44	22	14	21	36
293230 Ubatã	2932309	5	28	9	35	20	14	23	44	9	15	29	54	8	9	35	55	11	13	14	59
293240 Uibaí	2932408	7	24	10	0	21	5	21	1	7	6	13	1	18	5	8	0	12	8	9	2
293245 Umburanas	2932457	4	9	5	12	5	5	5	20	0	6	3	19	5	5	11	9	4	3	6	13
293250 Una	2932507	12	31	27	2	19	10	33	3	15	24	22	3	18	13	28	2	13	18	24	5
293260 Urandi	2932606	7	9	10	29	14	5	13	31	13	0	5	20	6	1	15	17	9	4	6	17
293270 Uruçuca	2932705	2	16	17	24	18	10	30	27	16	17	18	38	10	15	20	53	11	23	34	34
293280 Utinga	2932804	7	20	12	20	4	4	12	43	11	6	13	34	10	2	9	40	10	2	12	25
293290 Valença	2932903	35	146	79	88	57	81	111	114	45	71	100	96	52	77	117	84	39	68	118	103
293300 Valente	2933000	15	25	11	15	26	6	18	10	16	9	17	25	20	8	14	19	18	8	14	25
293305 Várzea da Roça	2933059	1	22	15	0	8	6	20	9	6	10	14	37	10	3	14	17	6	4	9	18
293310 Várzea do Poço	2933109	4	12	8	5	10	4	2	18	5	5	7	23	1	2	4	36	4	2	3	24
293315 Várzea Nova	2933158	8	12	7	7	2	7	7	17	14	9	8	5	2	0	7	18	10	6	9	13
293317 Varzedo	2933174	2	10	1	8	12	6	6	6	12	8	4	9	4	7	8	7	6	8	5	19
293320 Vera Cruz	2933208	9	41	86	42	46	25	55	37	30	39	49	20	41	19	49	18	30	26	37	24
293325 Vereda	2933257	6	5	2	6	2	1	3	4	3	2	11	9	5	0	3	3	2	2	7	8
293330 Vitória da Conquista	2933307	479	797	467	263	319	132	382	289	288	131	358	239	260	107	376	255	257	129	358	237
293340 Wagner	2933406	2	15	4	11	5	1	9	13	6	3	2	14	7	4	6	17	4	2	6	15
293345 Wanderley	2933455	3	13	13	4	5	0	10	27	7	1	7	6	8	1	13	13	5	1	10	23
293350 Wenceslau Guimarães	2933505	10	26	22	11	9	16	22	18	13	11	14	18	9	13	12	28	12	9	14	19
293360 Xique0Xique	2933604	20	69	37	48	32	25	46	67	18	18	44	76	21	7	40	97	13	10	35	76