municipio.1	municipio.2	municipio.3	diabetes-tipo-dois-2004	diabetes-tipo-dois-2005	diabetes-tipo-dois-2006	diabetes-tipo-dois-2007	diabetes-tipo-dois-2008	diabetes-tipo-dois-2009	diabetes-tipo-dois-2010	diabetes-tipo-dois-2011	diabetes-tipo-dois-2012	diabetes-tipo-dois-2013	sifilis-congenita-2004	sifilis-congenita-2005	sifilis-congenita-2006	sifilis-congenita-2007	sifilis-congenita-2008	sifilis-congenita-2009	sifilis-congenita-2010	sifilis-congenita-2011	sifilis-congenita-2012	sifilis-congenita-2013	sifilis-gestante-2004	sifilis-gestante-2005	sifilis-gestante-2006	sifilis-gestante-2007	sifilis-gestante-2008	sifilis-gestante-2009	sifilis-gestante-2010	sifilis-gestante-2011	sifilis-gestante-2012	sifilis-gestante-2013
290010	2900108	Abaíra	0	0	0	0	0	0	0	2	0	0	0	0	0	0	0	0	0	0	0	0	0	0	0	0	0	0	0	0	0	0
290020	2900207	Abaré	0	6	3	11	7	12	8	5	6	1	0	0	0	0	0	0	0	0	0	0	0	0	0	0	0	0	0	0	0	2
290030	2900306	Acajutiba	0	17	2	0	1	13	3	8	0	0	0	0	0	0	0	0	0	0	0	0	0	0	0	0	0	0	0	0	1	0
290035	2900355	Adustina	0	3	13	3	9	0	0	7	0	0	1	0	0	0	0	0	0	0	0	0	0	0	0	0	0	1	0	0	0	0
290040	2900405	Água Fria	0	0	0	0	3	12	6	2	6	0	0	0	0	0	0	0	0	0	0	0	0	0	0	0	0	0	0	0	1	0
290050	2900504	Érico Cardoso	0	0	3	4	1	0	4	8	4	0	0	0	0	0	0	0	0	0	0	0	0	0	0	0	0	0	0	0	0	0
290060	2900603	Aiquara	0	0	9	2	2	2	0	0	0	0	0	0	0	0	0	0	0	0	0	0	0	0	0	0	0	0	0	0	0	0
290070	2900702	Alagoinhas	4	20	107	23	13	15	13	25	10	0	13	1	0	0	0	3	5	8	3	4	0	0	0	0	4	0	8	15	8	4
290080	2900801	Alcobaca	0	6	13	2	5	4	3	5	2	0	0	0	0	0	1	0	0	0	0	2	0	0	0	0	0	1	1	1	2	8
290090	2900900	Almadina	0	5	6	5	1	1	1	1	0	0	0	0	0	0	0	0	0	0	0	0	0	0	0	1	0	0	0	0	0	2
290100	2901007	Amargosa	4	13	4	8	12	7	8	20	12	0	0	0	0	0	0	0	2	0	4	2	0	0	0	3	1	2	6	6	2	6
290110	2901106	Amelia Rodrigues	22	9	13	15	10	20	20	1	1	1	0	0	0	1	0	0	0	0	0	0	0	0	0	0	0	0	2	2	0	1
290115	2901155	América Dourada	0	0	0	0	0	0	0	0	0	0	0	0	0	0	0	0	0	0	0	0	0	0	0	0	0	0	0	0	1	1
290120	2901205	Anagé	2	1	8	1	1	1	3	19	7	1	0	0	0	0	0	0	0	1	0	0	0	0	0	0	0	0	0	0	0	0
290130	2901304	Andaraí	0	0	3	5	3	3	4	6	1	0	0	0	0	0	0	0	0	0	0	0	0	0	0	0	1	0	0	0	0	0
290135	2901353	Andorinha	0	14	14	6	14	13	8	2	3	2	0	0	0	0	0	0	0	0	0	0	0	0	0	1	0	0	0	2	0	1
290140	2901403	Angical	0	2	13	1	4	5	7	6	1	0	0	0	0	0	0	0	0	0	0	0	0	0	0	0	0	0	0	2	0	0
290150	2901502	Anguera	0	1	0	0	0	20	14	2	3	0	0	0	0	0	0	0	0	0	0	0	0	0	0	0	0	0	0	0	0	0
290160	2901601	Antas	1	0	8	10	7	5	10	4	3	0	0	0	0	0	0	0	0	0	0	0	0	0	0	0	0	1	1	2	1	1
290170	2901700	Antônio Cardoso	0	8	7	1	2	0	0	1	0	0	0	0	0	0	0	0	0	0	0	0	0	0	0	0	0	0	0	0	0	1
290180	2901809	Antônio Gonçalves	0	0	4	8	20	17	13	8	6	0	0	0	0	0	0	0	0	0	0	0	0	0	0	0	0	0	0	0	0	2
290190	2901908	Aporá	0	10	3	3	6	5	2	0	1	0	0	0	0	0	0	0	0	0	0	0	0	0	0	0	0	0	1	2	1	3
290195	2901957	Apuarema	0	0	0	0	0	9	1	7	3	0	0	0	0	0	0	0	0	0	0	0	0	0	0	0	0	0	0	0	0	0
290200	2902005	Aracatu	0	3	0	1	3	1	3	2	2	1	0	0	0	0	0	0	0	0	0	0	0	0	1	0	0	0	0	0	1	0
290205	2902054	Araças	0	0	0	0	10	3	10	10	2	0	0	0	0	0	0	0	1	0	0	0	0	0	0	0	0	0	1	1	0	0
290210	2902104	Araci	0	8	8	0	0	35	36	14	10	3	0	0	0	0	0	0	0	2	0	4	0	0	0	1	0	2	1	1	5	11
290220	2902203	Aramari	0	0	15	7	4	5	5	8	0	0	0	0	0	0	0	0	0	0	0	0	0	0	0	0	0	0	1	1	0	0
290225	2902252	Arataca	0	5	14	3	1	1	6	0	2	0	0	0	0	0	0	0	0	0	0	0	0	0	0	0	0	0	0	0	1	0
290230	2902302	Aratuípe	0	0	0	0	0	1	0	0	0	0	0	0	0	0	0	0	0	0	0	0	0	0	0	0	0	0	0	1	0	0
290240	2902401	Aurelino Leal	0	0	1	0	1	15	20	6	6	0	0	0	0	0	0	0	0	0	0	0	0	0	0	0	0	0	0	1	0	1
290250	2902500	Baianópolis	0	0	3	0	0	0	0	0	0	0	0	0	0	0	0	0	0	0	0	0	0	0	0	0	0	0	0	0	0	0
290260	2902609	Baixa Grande	0	0	14	1	23	2	4	10	2	0	0	0	0	2	0	0	1	0	0	0	0	0	0	0	0	0	0	0	0	0
290265	2902658	Banzaê	0	8	11	14	7	1	1	4	5	0	0	0	0	0	0	0	0	0	0	0	0	0	0	0	0	0	0	1	0	0
290270	2902708	Barra	0	0	1	6	49	40	17	8	0	0	0	0	0	0	0	0	1	2	1	2	0	0	0	0	1	1	1	1	5	4
290280	2902807	Barra da Estiva	4	3	9	8	8	7	2	14	14	2	0	0	0	0	0	0	3	0	0	0	0	0	0	1	0	1	2	0	0	1
290290	2902906	Barra do Choca	2	2	3	1	1	5	9	2	3	0	0	0	0	1	0	0	0	0	0	0	0	0	0	1	0	0	0	0	1	1
290300	2903003	Barra do Mendes	0	0	7	1	0	0	0	0	0	0	0	0	0	0	0	0	0	0	0	0	0	0	0	0	0	0	1	0	0	0
290310	2903102	Barra do Rocha	10	1	6	1	1	2	4	2	0	3	0	0	0	0	0	0	0	0	0	0	0	0	0	0	1	0	0	0	0	1
290320	2903201	Barreiras	0	72	87	45	20	25	14	18	0	0	0	2	2	5	3	9	2	6	5	10	0	0	4	11	5	3	9	15	18	17
290323	2903235	Barro Alto	0	2	7	9	0	1	2	0	0	0	0	1	0	0	0	0	0	0	0	0	0	0	0	0	0	0	0	0	0	0
290327	2903276	Barrocas	3	4	5	7	2	0	2	1	1	0	0	0	0	0	0	0	0	0	0	0	0	0	0	1	0	1	0	0	1	0
290330	2903300	Barro Preto	5	14	3	1	0	0	0	2	1	0	0	0	0	0	0	0	0	0	0	0	0	0	0	0	0	0	2	1	0	1
290340	2903409	Belmonte	0	5	13	46	7	7	8	26	9	0	0	0	0	1	1	0	0	0	2	4	0	0	0	0	0	0	0	5	8	10
290350	2903508	Belo Campo	0	0	3	6	2	3	2	2	7	0	0	0	0	0	0	0	0	0	0	1	0	0	0	0	6	1	1	2	1	0
290360	2903607	Biritinga	0	23	15	4	5	3	2	3	0	0	0	0	0	0	0	0	0	0	0	0	0	0	0	0	0	0	0	0	0	1
290370	2903706	Boa Nova	0	0	7	7	1	5	2	8	7	0	0	0	0	0	0	0	0	0	0	0	0	0	0	2	2	1	1	2	1	0
290380	2903805	Boa Vista do Tupim	0	0	2	1	0	0	0	0	0	0	0	0	0	0	0	0	0	0	0	0	0	0	0	0	0	0	0	0	0	0
290390	2903904	Bom Jesus da Lapa	7	5	16	9	0	11	7	13	2	0	0	0	0	0	0	0	0	0	2	4	0	0	1	0	2	1	0	5	7	10
290395	2903953	Bom Jesus da Serra	0	2	0	2	0	1	6	5	0	0	0	0	0	0	0	0	0	0	0	0	0	0	0	0	0	0	0	0	0	0
290400	2904001	Boninal	0	13	3	0	0	0	2	2	1	0	0	0	0	0	0	0	0	0	0	0	0	0	0	0	0	0	0	1	0	0
290405	2904050	Bonito	0	0	0	0	0	0	0	0	0	0	0	0	0	0	0	0	0	0	0	0	0	0	0	0	0	0	1	0	0	0
290410	2904100	Boquira	0	6	7	8	6	0	4	1	1	0	0	0	0	0	0	0	0	0	0	1	0	0	0	0	0	0	0	0	0	0
290420	2904209	Botuporã	0	0	0	0	0	0	0	10	2	0	0	0	0	0	0	0	0	0	0	0	0	0	0	0	0	0	0	0	0	0
290430	2904308	Brejões	0	1	0	1	0	10	4	5	4	0	0	0	0	0	0	0	0	0	0	0	0	0	0	0	0	0	0	0	0	1
290440	2904407	Brejolândia	0	4	0	0	0	0	0	2	0	0	0	0	0	0	0	0	0	0	0	0	0	0	0	0	0	0	0	0	0	0
290450	2904506	Brotas de Macaúbas	0	0	0	0	0	0	3	2	11	0	0	0	0	0	0	0	0	0	0	0	0	0	0	0	0	0	0	0	0	0
290460	2904605	Brumado	7	22	26	24	9	7	17	10	43	2	1	0	0	0	0	1	0	0	0	0	0	0	0	0	0	1	0	0	0	1
290470	2904704	Buerarema	1	0	0	1	2	13	22	5	5	0	0	0	0	0	0	0	0	0	0	0	0	0	0	2	0	0	0	1	0	1
290475	2904753	Buritirama	0	0	0	0	0	0	0	0	0	0	0	1	0	0	0	0	0	0	0	0	0	0	0	0	0	0	0	1	0	0
290480	2904803	Caatiba	0	2	4	1	0	3	2	1	0	0	0	0	0	0	0	0	0	0	0	0	0	0	0	0	0	0	0	0	0	0
290485	2904852	Cabaceiras do Paraguaçu	0	1	0	0	0	10	6	11	7	0	0	0	0	0	0	0	0	0	0	0	0	0	1	0	0	0	0	0	0	1
290490	2904902	Cachoeira	14	7	7	4	3	14	6	6	2	0	1	0	0	0	0	1	0	0	0	0	0	0	0	0	0	1	1	0	1	3
290500	2905008	Caculé	6	2	2	10	9	8	7	0	3	0	0	0	0	0	0	0	0	0	0	0	0	0	0	0	0	0	0	4	0	0
290510	2905107	Caem	0	3	8	8	4	4	6	8	2	0	0	0	0	0	0	0	0	0	0	0	0	0	0	0	0	0	0	0	0	0
290515	2905156	Caetanos	0	1	1	0	1	2	3	0	1	0	0	0	0	0	0	0	0	0	0	0	0	0	0	0	0	2	1	1	0	0
290520	2905206	Caetité	6	13	13	8	7	6	14	12	12	2	2	0	3	0	0	0	0	0	1	0	0	0	0	0	0	0	0	1	2	2
290530	2905305	Cafarnaum	1	0	20	13	5	7	3	4	2	0	0	0	0	0	0	0	0	0	0	0	0	0	0	0	0	0	0	0	0	0
290540	2905404	Cairu	0	0	0	0	4	2	8	7	3	1	0	0	0	0	0	0	0	0	0	0	0	0	0	0	1	0	1	2	1	3
290550	2905503	Caldeirão Grande	1	7	16	5	1	1	2	2	0	1	0	0	0	0	0	0	0	0	0	0	0	0	0	1	0	0	0	0	0	1
290560	2905602	Camacan	0	0	0	0	0	1	18	1	0	0	0	0	0	0	0	1	3	5	2	3	0	0	2	0	1	1	3	5	9	2
290570	2905701	Camaçari	58	89	57	58	67	32	20	27	28	4	2	6	8	3	5	7	7	14	50	40	0	0	0	0	1	1	4	9	20	26
290580	2905800	Camamu	1	8	16	22	13	16	17	26	18	3	0	0	0	0	0	0	0	0	0	0	0	0	0	0	0	0	2	3	5	8
290590	2905909	Campo Alegre de Lourdes	0	0	1	0	0	18	4	6	3	0	0	0	0	0	0	0	0	0	0	0	0	0	0	0	0	0	0	0	0	0
290600	2906006	Campo Formoso	11	3	14	12	18	5	10	25	15	1	0	0	0	1	3	2	3	0	4	0	0	0	2	0	2	4	6	0	7	5
290610	2906105	Canápolis	0	0	0	2	0	0	1	1	0	0	0	0	0	0	0	0	0	0	0	0	0	0	0	0	0	0	0	0	0	0
290620	2906204	Canarana	0	0	0	0	0	3	7	10	6	0	0	2	0	0	0	0	0	0	1	0	0	0	0	0	0	0	2	2	2	1
290630	2906303	Canavieiras	19	12	5	11	7	8	10	12	5	0	0	0	0	0	0	0	0	0	0	1	0	0	0	0	6	7	0	0	4	6
290640	2906402	Candeal	0	0	0	0	7	0	4	7	1	4	0	0	0	0	0	0	0	0	0	0	0	0	0	0	0	0	0	0	0	0
290650	2906501	Candeias	35	9	32	35	13	9	10	2	2	1	0	0	0	2	0	0	1	2	12	7	0	0	0	1	3	0	6	11	13	11
290660	2906600	Candiba	0	0	2	0	0	0	0	0	0	0	0	0	0	0	0	0	0	0	0	0	0	0	0	1	0	1	0	0	0	0
290670	2906709	Cândido Sales	0	0	8	6	1	3	0	2	8	1	0	0	0	0	0	2	0	0	0	0	0	0	0	0	1	1	1	1	0	2
290680	2906808	Cansanção	0	0	0	0	0	0	0	49	41	5	0	0	0	0	0	0	0	0	0	0	0	0	0	0	0	0	0	0	0	0
290682	2906824	Canudos	0	2	11	7	4	4	2	0	0	0	0	0	1	0	0	0	0	0	0	0	0	0	0	0	0	0	0	0	3	1
290685	2906857	Capela do Alto Alegre	2	1	2	1	0	0	3	0	0	0	0	0	0	0	0	0	0	0	0	0	0	0	0	0	0	0	0	0	0	3
290687	2906873	Capim Grosso	11	2	3	3	4	7	4	8	2	0	0	0	0	0	0	0	0	0	0	0	0	0	0	0	1	0	0	0	0	0
290689	2906899	Caraíbas	0	0	1	0	0	5	6	11	1	0	0	0	0	0	0	0	0	0	0	0	0	0	0	0	0	0	0	0	0	0
290690	2906907	Caravelas	0	10	11	7	4	0	0	0	0	0	0	0	0	1	0	0	0	0	0	0	0	0	0	3	1	2	0	1	2	0
290700	2907004	Cardeal da Silva	0	0	0	0	0	4	3	4	2	0	0	0	0	0	0	0	0	0	0	0	0	0	0	0	0	0	0	0	0	2
290710	2907103	Carinhanha	0	3	9	0	1	3	4	2	3	0	0	0	0	0	0	0	0	0	0	0	0	0	0	1	3	1	0	0	0	2
290720	2907202	Casa Nova	4	4	11	5	6	11	3	0	0	0	0	0	0	0	0	0	0	0	0	0	0	0	0	3	0	0	0	1	0	0
290730	2907301	Castro Alves	6	11	2	13	13	5	6	6	7	0	1	0	0	0	0	2	0	0	0	4	0	0	0	0	2	4	1	3	3	6
290740	2907400	Catolândia	0	0	2	0	0	0	0	0	0	0	0	0	0	0	0	0	0	0	0	0	0	0	0	0	0	0	0	1	0	1
290750	2907509	Catu	13	33	63	33	12	20	28	30	28	3	0	1	2	0	0	1	0	0	0	3	0	0	0	0	1	1	1	1	1	2
290755	2907558	Caturama	0	4	6	1	0	0	0	9	2	0	0	0	0	0	0	0	0	0	0	0	0	0	0	0	0	0	0	0	0	0
290760	2907608	Central	0	0	0	0	0	0	4	14	0	0	0	0	0	0	0	0	0	0	0	1	0	0	0	0	0	0	0	0	0	0
290770	2907707	Chorrochó	0	16	6	2	1	0	1	0	0	0	0	0	0	0	0	0	0	0	0	0	0	0	0	0	0	0	0	0	0	1
290780	2907806	Cícero Dantas	0	0	0	0	0	6	8	28	16	0	0	0	0	0	0	1	1	2	0	0	0	0	0	0	0	1	1	4	1	3
290790	2907905	Cipó	0	19	28	25	2	2	9	4	3	3	0	0	0	0	0	0	0	0	0	0	0	0	0	0	0	0	0	0	0	0
290800	2908002	Coaraci	3	2	12	18	10	10	4	2	0	0	0	1	0	0	0	0	0	1	1	0	0	0	1	1	3	0	0	1	7	1
290810	2908101	Cocos	1	0	0	0	1	0	10	7	3	1	0	0	0	0	0	0	0	0	0	0	0	0	0	0	1	0	0	0	0	0
290820	2908200	Conceição da Feira	6	0	0	5	0	27	21	11	0	0	1	0	0	0	0	1	0	0	0	1	0	0	0	1	1	1	1	2	0	1
290830	2908309	Conceição do Almeida	0	19	23	2	0	9	6	6	0	0	0	0	0	0	0	0	0	0	0	0	0	0	0	0	0	0	0	1	2	0
290840	2908408	Conceição do Coité	6	3	7	2	0	4	5	3	4	0	0	0	0	0	0	0	0	0	0	0	0	0	0	0	0	0	1	0	0	2
290850	2908507	Conceição do Jacuípe	0	0	48	8	6	0	0	0	0	0	0	1	0	0	0	0	1	0	0	0	0	0	0	0	0	0	1	1	0	0
290860	2908606	Conde	1	4	7	3	1	1	0	0	0	0	0	0	0	0	0	0	0	1	1	0	0	0	0	0	0	1	0	0	1	0
290870	2908705	Condeúba	0	0	14	6	5	0	4	7	8	2	0	0	0	0	0	0	0	0	0	0	0	0	0	0	0	0	0	0	0	0
290880	2908804	Contendas do Sincorá	0	1	0	0	1	0	0	0	2	0	0	0	0	0	0	0	0	0	0	0	0	0	0	2	1	0	0	0	0	0
290890	2908903	Coração de Maria	4	6	16	28	10	5	11	2	2	0	0	0	0	0	0	0	0	0	0	0	0	0	0	0	0	0	0	0	0	1
290900	2909000	Cordeiros	0	0	0	7	0	4	0	0	0	0	0	0	0	0	0	0	0	0	0	0	0	0	0	0	0	0	0	0	0	0
290910	2909109	Coribe	0	0	0	3	0	8	2	0	0	0	0	0	0	0	0	0	0	0	0	0	0	0	0	0	0	0	0	0	0	1
290920	2909208	Coronel João Sá	1	0	7	1	1	6	1	6	0	0	0	0	0	0	0	0	0	0	0	0	1	1	0	2	0	2	0	1	0	0
290930	2909307	Correntina	0	0	13	2	2	0	28	8	4	0	0	0	0	0	0	0	0	0	0	0	0	0	0	0	1	0	0	2	2	0
290940	2909406	Cotegipe	2	0	0	0	0	0	0	0	0	0	0	0	0	0	0	0	0	0	0	0	0	0	0	0	0	0	0	0	0	0
290950	2909505	Cravolândia	0	1	6	2	0	0	0	0	0	0	0	0	0	0	0	0	0	0	0	0	0	0	0	1	1	0	0	1	0	0
290960	2909604	Crisópolis	0	0	0	1	1	29	2	8	5	0	0	0	0	0	0	0	0	0	0	0	0	0	0	0	0	0	1	0	0	0
290970	2909703	Cristópolis	0	4	6	1	4	1	4	0	1	0	0	0	0	0	0	0	0	0	0	0	0	0	2	0	0	0	0	1	1	0
290980	2909802	Cruz das Almas	0	52	45	25	38	19	11	27	47	1	0	0	0	0	0	0	1	0	0	2	0	0	1	0	0	0	1	1	4	10
290990	2909901	Curaçá	0	12	24	5	1	0	0	0	0	0	0	2	1	0	2	0	0	0	0	0	0	4	0	1	3	1	3	2	1	0
291000	2910008	Dário Meira	0	8	10	4	3	3	5	2	4	0	0	0	0	0	0	0	0	0	0	1	0	0	0	0	0	0	0	0	0	2
291005	2910057	Dias d Ávila	27	12	15	8	21	5	8	7	9	7	1	0	0	0	0	0	0	0	0	2	0	0	0	0	1	0	2	1	3	10
291010	2910107	Dom Basilio	0	0	1	1	0	2	2	3	3	0	0	0	0	0	0	0	0	0	0	0	0	0	0	0	0	0	0	0	0	0
291020	2910206	Dom Macedo Costa	1	0	1	0	1	1	2	1	3	0	0	0	0	0	0	0	0	0	0	0	0	0	0	0	0	0	0	0	0	1
291030	2910305	Elísio Medrado	0	12	5	2	0	0	0	0	0	0	0	0	0	0	0	0	0	0	0	0	0	0	0	0	0	0	0	0	0	0
291040	2910404	Encruzilhada	0	0	1	2	0	0	2	2	2	0	0	0	0	0	0	0	0	0	0	0	0	0	0	0	0	0	1	0	1	0
291050	2910503	Entre Rios	8	8	14	31	13	8	16	17	9	4	0	0	1	1	0	1	0	1	0	3	0	0	0	0	0	0	3	2	2	6
291060	2910602	Esplanada	0	0	0	8	18	11	13	24	10	0	0	0	0	0	0	0	1	0	1	2	0	0	0	1	0	0	4	1	0	1
291070	2910701	Euclides da Cunha	0	6	6	6	70	5	6	19	25	3	0	0	0	0	0	0	0	0	0	0	0	0	0	0	0	0	0	0	0	0
291072	2910727	Eunápolis	78	57	37	8	22	26	17	43	25	7	0	0	0	0	0	0	1	2	0	4	0	0	0	1	1	0	1	3	0	14
291075	2910750	Fátima	1	6	3	8	24	11	19	19	1	0	0	0	0	0	0	0	0	0	0	0	0	1	0	0	0	0	0	0	0	0
291077	2910776	Feira da Mata	0	0	0	0	0	1	0	1	1	0	0	0	0	0	0	0	0	0	0	0	0	0	0	0	0	0	0	0	0	0
291080	2910800	Feira de Santana	158	34	28	117	239	151	122	86	30	1	56	37	32	13	13	29	35	29	25	78	0	0	4	4	4	9	19	28	33	30
291085	2910859	Filadélfia	7	7	21	4	2	14	32	27	6	2	0	0	0	0	0	0	0	0	0	0	0	0	0	0	0	0	0	2	2	0
291090	2910909	Firmino Alves	9	0	1	1	3	0	3	0	0	0	0	0	0	0	0	0	0	0	0	0	0	0	0	1	0	0	0	0	0	0
291100	2911006	Floresta Azul	0	1	0	1	0	12	3	18	3	0	0	0	0	0	0	0	0	0	0	0	0	0	0	0	0	0	1	2	1	3
291110	2911105	Formosa do Rio Preto	0	0	4	1	2	0	0	0	0	0	0	0	0	1	1	0	0	0	0	1	0	0	0	4	2	0	1	0	0	2
291120	2911204	Gandu	0	2	4	1	0	2	13	8	10	6	0	0	0	0	0	0	0	0	1	0	0	0	0	0	1	4	3	2	4	12
291125	2911253	Gavião	0	0	0	0	0	0	0	0	1	0	0	0	0	0	0	0	0	0	0	0	0	0	0	0	0	1	2	1	0	0
291130	2911303	Gentio do Ouro	0	0	0	0	2	0	2	3	3	0	0	0	0	0	0	0	0	0	0	0	0	0	0	0	0	0	0	0	0	1
291140	2911402	Glória	2	13	1	1	0	2	0	0	0	0	0	0	0	1	0	0	1	1	1	0	0	0	0	0	0	0	2	3	3	1
291150	2911501	Gongogi	0	6	7	4	6	1	1	9	1	0	0	0	0	0	0	0	0	0	0	0	0	1	1	1	0	0	1	0	0	0
291160	2911600	Governador Mangabeira	3	3	4	8	12	6	4	12	23	3	0	0	0	0	0	0	0	0	1	0	0	0	0	0	0	1	0	2	1	0
291165	2911659	Guajeru	1	0	0	0	0	0	1	3	1	0	0	0	0	0	0	0	0	0	0	0	0	0	0	0	0	0	0	0	0	0
291170	2911709	Guanambi	14	33	45	34	32	37	28	28	18	1	0	1	0	1	0	2	1	3	1	2	0	1	1	1	0	0	1	4	6	7
291180	2911808	Guaratinga	0	9	3	7	12	19	9	4	3	0	0	0	0	0	0	0	0	0	0	0	0	0	0	0	1	0	0	1	1	0
291185	2911857	Heliópolis	0	1	9	18	2	2	15	1	3	0	0	0	0	0	0	0	0	0	0	0	0	0	0	0	0	0	0	0	0	0
291190	2911907	Iaçu	0	1	26	0	0	16	13	18	8	3	0	0	0	0	0	0	0	0	0	0	0	0	0	0	0	0	1	1	0	1
291200	2912004	Ibiassucê	1	7	1	9	1	0	0	2	6	0	0	0	0	0	0	0	0	0	0	0	0	0	0	0	0	0	0	0	0	0
291210	2912103	Ibicaraí	2	3	5	6	13	7	6	12	4	3	0	0	1	0	0	0	0	0	0	0	0	0	0	0	0	0	7	7	2	2
291220	2912202	Ibicoara	4	0	2	3	1	2	5	5	3	0	0	0	0	0	0	0	0	0	0	0	0	0	0	0	1	0	0	0	2	0
291230	2912301	Ibicui	0	3	3	1	2	0	0	0	0	0	0	0	0	0	0	0	0	0	0	0	0	0	0	0	0	0	0	0	0	0
291240	2912400	Ibipeba	0	0	10	1	8	5	0	2	0	0	0	0	0	0	0	0	0	0	0	0	0	0	0	0	2	1	1	2	0	0
291250	2912509	Ibipitanga	0	3	6	5	3	2	2	4	5	0	0	0	0	0	0	0	0	0	0	1	0	0	0	0	0	0	0	0	0	2
291260	2912608	Ibiquera	0	0	0	0	0	2	0	0	0	0	0	0	0	0	0	0	0	0	0	0	0	0	0	0	0	0	0	0	0	0
291270	2912707	Ibirapitanga	0	0	0	0	0	27	10	8	6	3	0	0	0	0	0	0	0	0	0	0	0	0	0	0	0	0	0	1	0	1
291280	2912806	Ibirapuã	0	0	2	1	1	2	7	2	1	0	0	0	0	0	0	0	0	0	0	0	0	0	0	0	0	0	0	0	0	1
291290	2912905	Ibirataia	0	6	18	9	8	0	2	5	2	2	0	0	0	1	0	0	0	0	0	1	0	0	0	0	0	0	0	0	0	2
291300	2913002	Ibitiara	0	0	3	5	2	5	2	4	1	0	0	0	0	0	0	0	0	0	0	0	0	0	0	0	0	0	0	0	0	1
291310	2913101	Ibititá	0	1	0	0	8	0	0	0	0	0	0	0	0	0	0	0	0	0	0	0	0	0	0	0	0	0	0	1	0	0
291320	2913200	Ibotirama	0	0	1	1	4	1	0	0	0	0	1	0	0	0	0	1	0	0	0	1	0	0	0	0	1	1	1	0	0	1
291330	2913309	Ichu	0	0	6	1	0	0	1	3	2	0	0	0	0	0	0	0	0	0	0	0	0	0	0	0	1	1	0	0	0	0
291340	2913408	Igaporã	0	3	3	5	7	3	3	3	3	0	0	1	0	0	0	0	0	0	0	0	0	0	0	0	0	0	0	0	0	0
291345	2913457	Igrapiúna	0	4	18	2	3	2	7	8	3	0	0	0	0	0	0	0	0	0	0	1	0	0	0	1	0	0	0	0	5	1
291350	2913507	Iguaí	6	4	9	4	15	6	14	3	5	0	0	0	0	0	0	0	0	0	0	0	0	0	0	0	0	0	0	1	0	3
291360	2913606	Ilhéus	6	14	11	73	84	69	63	59	28	0	0	1	1	0	1	39	27	24	22	2	0	0	0	50	39	49	45	28	33	13
291370	2913705	Inhambupe	0	3	8	11	7	6	12	22	10	3	0	0	0	0	0	0	0	0	0	0	0	0	0	1	0	0	2	0	0	2
291380	2913804	Ipecaetá	0	0	8	11	6	3	7	1	1	0	0	0	0	0	0	0	0	0	0	0	0	0	0	0	0	0	0	0	0	0
291390	2913903	Ipiaú	0	0	18	13	36	11	17	13	15	4	0	0	0	0	0	0	0	0	3	8	0	0	0	1	1	0	0	2	3	33
291400	2914000	Ipirá	14	12	60	35	20	33	22	31	20	0	0	0	0	0	1	0	0	0	0	0	0	0	1	0	1	1	0	1	0	0
291410	2914109	Ipupiara	5	3	0	1	0	0	0	0	0	0	0	0	0	0	0	0	0	0	0	0	0	0	0	0	0	0	0	0	0	0
291420	2914208	Irajuba	0	0	0	0	0	2	16	6	0	0	0	0	0	0	0	0	0	0	0	0	0	0	0	0	0	0	0	0	0	0
291430	2914307	Iramaia	0	0	0	3	6	0	2	0	0	0	0	0	0	0	0	0	0	0	0	0	0	0	0	0	0	0	0	0	0	0
291440	2914406	Iraquara	0	0	1	0	0	0	0	0	0	0	0	0	0	0	0	0	0	0	0	0	0	0	0	0	0	0	0	0	0	3
291450	2914505	Irará	2	7	17	11	0	27	14	9	13	3	0	0	0	0	0	0	0	0	0	0	0	0	0	2	0	0	1	0	0	1
291460	2914604	Irecê	13	26	3	83	16	1	4	15	13	1	0	0	0	0	0	1	0	0	1	5	0	0	0	0	0	1	3	1	0	4
291465	2914653	Itabela	0	15	20	23	9	7	4	4	7	0	0	0	0	0	0	2	0	1	4	2	0	0	0	0	1	1	5	9	11	9
291470	2914703	Itaberaba	20	5	10	3	0	2	6	18	0	0	1	0	4	0	0	0	0	2	0	0	0	2	0	0	0	2	0	2	0	1
291480	2914802	Itabuna	77	97	73	76	39	72	50	52	49	1	10	2	3	0	2	8	7	5	0	19	0	0	0	9	3	0	20	7	4	29
291490	2914901	Itacaré	0	4	5	4	2	5	5	1	0	0	0	0	0	0	0	0	0	0	0	0	0	0	0	0	0	0	0	0	0	1
291500	2915007	Itaetê	0	8	0	2	0	1	1	0	0	0	0	0	0	0	0	0	0	0	0	0	0	0	0	0	0	0	0	0	0	3
291510	2915106	Itagi	0	0	9	10	10	1	6	0	0	4	0	0	0	0	0	0	0	0	0	0	0	0	0	0	1	0	0	0	1	1
291520	2915205	Itagibá	0	9	8	3	4	2	4	4	2	0	0	0	0	0	0	0	0	0	0	0	0	0	0	0	3	1	1	1	3	0
291530	2915304	Itagimirim	0	1	0	1	0	2	1	1	3	0	0	0	0	0	0	0	0	0	0	0	0	0	0	0	0	0	0	0	0	1
291535	2915353	Itaguaçu da Bahia	0	0	0	3	1	0	0	0	0	0	0	0	0	0	0	0	0	0	0	0	0	0	0	0	0	0	0	0	0	0
291540	2915403	Itaju do Colônia	0	0	1	0	0	3	0	0	0	0	0	0	0	0	0	0	0	0	0	0	0	0	0	0	0	0	0	0	0	0
291550	2915502	Itajuípe	2	13	28	9	21	9	45	17	7	4	0	0	0	0	1	0	0	0	0	2	0	0	0	0	1	0	3	2	5	5
291560	2915601	Itamaraju	13	23	54	31	22	23	30	32	18	0	0	1	5	3	5	1	0	1	0	2	0	0	0	4	5	0	2	2	5	4
291570	2915700	Itamari	0	3	0	0	0	0	0	0	0	0	0	0	0	0	0	0	0	0	0	0	0	0	0	0	0	0	0	0	0	0
291580	2915809	Itambé	0	9	15	7	6	2	3	4	3	0	1	0	0	1	2	0	3	3	1	0	0	0	0	5	2	0	3	3	1	2
291590	2915908	Itanagra	0	0	0	0	1	0	0	0	0	0	0	0	0	0	0	1	0	0	0	0	0	0	0	0	2	0	0	0	0	0
291600	2916005	Itanhém	0	4	7	2	3	4	1	6	6	0	0	0	0	0	0	0	0	0	0	0	0	0	1	0	1	0	0	0	1	0
291610	2916104	Itaparica	0	1	6	19	9	3	3	0	13	3	0	0	0	0	0	0	0	0	2	2	0	0	0	0	0	0	0	0	0	0
291620	2916203	Itapé	0	0	6	5	0	9	0	0	0	2	0	0	0	0	0	0	0	0	0	1	0	0	0	0	0	0	0	0	3	3
291630	2916302	Itapebi	0	6	1	2	3	3	4	1	0	0	0	0	0	0	0	0	0	0	0	0	0	0	0	0	0	0	0	0	1	2
291640	2916401	Itapetinga	7	18	19	27	17	3	2	5	4	0	0	0	0	0	0	0	0	1	0	0	0	0	0	0	0	0	4	7	2	3
291650	2916500	Itapicuru	0	0	0	1	4	1	8	1	7	0	0	0	0	0	0	0	0	1	0	0	0	0	0	0	0	1	0	2	0	1
291660	2916609	Itapitanga	0	0	0	6	1	1	0	4	0	0	0	0	0	0	0	0	1	0	0	0	0	0	0	0	1	0	1	0	0	2
291670	2916708	Itaquara	0	1	3	6	1	6	0	4	4	0	0	0	0	0	0	0	0	0	0	0	0	0	0	0	0	0	0	0	1	1
291680	2916807	Itarantim	2	4	2	0	0	1	2	0	1	0	0	0	0	0	0	0	0	0	0	0	0	0	0	0	0	1	3	1	2	0
291685	2916856	Itatim	0	8	3	8	1	1	1	3	2	1	0	0	0	0	0	0	0	0	1	1	0	0	0	0	0	0	0	0	1	5
291690	2916906	Itirucu	0	2	5	1	1	2	2	6	2	0	0	0	0	0	0	0	0	0	0	0	0	0	0	1	0	0	0	1	0	3
291700	2917003	Itiúba	0	16	19	32	10	12	4	15	3	1	0	0	0	0	0	0	0	0	0	2	0	0	0	0	0	5	0	0	2	1
291710	2917102	Itororó	3	6	11	5	0	4	2	10	5	4	0	0	0	0	0	0	0	0	0	0	0	0	0	0	0	0	2	6	4	0
291720	2917201	Ituaçu	2	2	6	6	1	6	4	2	5	0	0	0	0	0	0	0	0	0	0	1	0	0	1	0	0	0	0	0	1	2
291730	2917300	Ituberá	0	21	14	15	11	15	3	10	7	3	0	0	0	0	0	0	0	0	0	0	0	0	0	0	0	0	0	3	1	0
291733	2917334	Iuiú	0	0	1	1	0	0	2	0	0	0	0	0	0	0	0	0	0	0	0	0	0	0	0	0	0	0	0	0	0	0
291735	2917359	Jaborandi	2	1	4	6	1	13	1	11	3	4	0	0	0	0	0	0	0	0	0	0	0	0	0	0	0	0	0	0	0	0
291740	2917409	Jacaraci	0	8	8	1	5	1	2	1	0	0	0	0	0	0	0	0	0	0	0	0	0	0	0	0	0	0	0	0	0	0
291750	2917508	Jacobina	7	17	39	35	27	12	5	7	1	0	2	0	4	0	0	1	0	0	0	0	0	0	1	0	0	0	0	0	1	0
291760	2917607	Jaguaquara	19	4	13	3	9	5	5	2	4	0	0	0	0	0	0	0	0	0	0	0	0	0	0	2	1	0	0	1	1	2
291770	2917706	Jaguarari	0	19	12	17	11	39	7	29	16	2	0	0	0	0	0	0	0	0	0	0	0	0	0	0	0	0	0	0	0	0
291780	2917805	Jaguaripe	0	0	0	2	0	0	0	4	2	0	0	0	0	0	0	0	0	0	0	1	0	0	0	0	0	0	0	0	0	2
291790	2917904	Jandaira	0	0	0	0	18	18	2	22	0	0	0	0	0	0	0	0	0	0	0	0	0	0	0	0	0	0	0	0	0	0
291800	2918001	Jequié	2	3	12	39	23	97	46	35	25	2	0	3	0	0	1	3	2	10	11	24	0	0	0	3	4	2	18	25	33	45
291810	2918100	Jeremoabo	0	7	12	18	14	23	17	7	9	1	0	0	0	0	0	0	0	0	0	1	0	0	0	1	1	0	0	3	3	6
291820	2918209	Jiquiriçá	0	3	3	0	4	1	3	4	3	0	0	0	0	0	0	0	0	0	0	0	0	0	0	0	0	1	1	1	0	0
291830	2918308	Jitaúna	2	0	1	0	0	6	9	5	0	0	0	0	0	0	0	0	0	0	1	0	0	0	0	2	1	0	1	1	1	0
291835	2918357	João Dourado	0	0	0	0	0	2	0	4	2	0	0	0	0	0	0	0	0	0	0	0	0	0	0	0	1	0	0	0	0	1
291840	2918407	Juazeiro	117	76	58	86	72	84	102	67	53	5	0	1	13	9	5	4	9	17	16	31	0	0	0	8	12	10	17	28	27	49
291845	2918456	Jucuruçu	0	0	0	0	0	0	7	1	0	0	0	0	0	0	0	0	0	0	0	0	0	0	0	0	0	0	0	0	0	0
291850	2918506	Jussara	0	6	12	8	5	1	3	2	0	0	0	0	0	0	0	0	0	0	0	0	0	0	0	0	0	0	0	0	0	1
291855	2918555	Jussari	0	0	0	0	0	1	1	9	2	0	0	0	0	0	0	0	0	0	0	0	0	0	0	0	0	2	0	0	1	0
291860	2918605	Jussiape	1	0	1	1	1	5	0	4	4	1	0	0	0	0	0	0	0	0	0	0	0	0	0	0	1	0	0	0	0	0
291870	2918704	Lafaiete Coutinho	0	0	0	2	0	0	1	1	1	0	0	0	0	0	0	0	0	0	0	0	0	0	0	0	0	0	0	0	0	0
291875	2918753	Lagoa Real	0	0	0	11	2	6	2	5	3	0	0	0	0	0	0	0	0	0	0	0	0	0	0	0	0	0	0	0	0	0
291880	2918803	Laje	15	29	18	11	3	36	16	11	3	0	0	0	0	0	0	0	0	0	1	0	0	0	0	0	0	0	1	1	1	0
291890	2918902	Lajedão	0	0	0	0	0	2	3	1	1	0	0	0	0	0	0	0	0	0	0	0	0	0	0	0	0	0	0	0	0	2
291900	2919009	Lajedinho	0	0	0	1	0	0	0	0	0	0	0	0	0	0	0	0	0	0	0	0	0	0	0	0	0	0	0	0	0	0
291905	2919058	Lajedo do Tabocal	0	0	0	2	0	0	0	1	0	0	0	0	0	0	0	0	0	0	0	1	0	0	0	0	0	0	0	0	0	2
291910	2919108	Lamarão	0	2	4	0	0	0	0	0	0	0	0	0	0	0	0	0	0	0	0	0	0	0	0	0	0	0	0	0	0	1
291915	2919157	Lapão	1	0	1	6	5	0	0	1	10	0	0	0	1	0	0	0	0	0	0	0	0	0	0	0	0	0	0	0	1	0
291920	2919207	Lauro de Freitas	38	36	7	22	55	3	15	38	39	1	0	0	0	11	4	11	12	11	12	16	0	0	0	2	4	2	5	8	11	16
291930	2919306	Lençois	0	0	0	0	0	1	2	1	0	0	0	0	0	0	0	0	0	0	0	0	0	0	0	0	0	0	0	0	0	0
291940	2919405	Licínio de Almeida	0	0	1	3	1	1	0	0	0	0	0	0	0	0	0	0	0	0	0	0	0	0	0	0	0	0	0	0	0	0
291950	2919504	Livramento de Nossa Senhora	14	10	8	10	9	13	11	6	4	1	0	0	0	0	0	0	0	0	0	0	0	0	0	1	0	0	3	0	0	0
291955	2919553	Luis Eduardo Magalhaes	0	3	23	17	15	14	20	36	27	13	0	0	0	0	0	2	0	2	1	0	0	0	0	2	2	5	3	10	6	7
291960	2919603	Macajuba	0	1	1	0	0	0	6	0	0	0	0	0	0	0	0	0	0	0	0	0	0	0	0	0	0	0	0	0	0	0
291970	2919702	Macarani	0	1	1	1	9	5	8	4	0	0	0	0	0	0	0	0	0	0	0	1	0	0	0	0	0	0	0	0	1	0
291980	2919801	Macaúbas	0	0	6	6	8	11	9	12	5	0	0	0	0	0	0	1	1	0	0	0	0	0	0	0	1	2	1	0	1	0
291990	2919900	Macururé	2	4	0	2	1	0	2	0	0	0	0	0	0	0	0	0	0	0	0	0	0	0	0	0	0	0	0	1	0	0
291992	2919926	Madre de Deus	5	11	5	5	7	5	2	5	4	0	0	0	0	0	0	1	0	0	3	0	0	0	0	0	0	1	3	2	0	1
291995	2919959	Maetinga	0	6	2	5	1	0	1	2	0	0	0	0	0	0	0	0	0	0	0	0	0	0	0	0	0	0	0	0	0	0
292000	2920007	Maiquinique	0	0	0	0	7	3	0	0	0	0	0	0	0	0	0	0	0	0	0	0	0	0	0	0	0	0	0	0	0	2
292010	2920106	Mairi	4	0	1	2	20	16	2	17	5	1	0	1	0	1	1	0	0	0	0	0	0	0	0	0	0	1	0	0	0	3
292020	2920205	Malhada	0	0	4	4	3	2	2	0	0	0	0	0	0	0	0	0	0	0	0	0	0	0	0	0	0	0	1	0	0	0
292030	2920304	Malhada de Pedras	0	1	1	2	1	3	0	2	0	0	0	0	0	0	0	0	0	0	0	0	0	0	0	0	0	0	1	0	0	0
292040	2920403	Manoel Vitorino	2	0	0	0	0	8	3	0	0	0	0	0	0	0	0	0	0	0	0	0	0	0	0	0	0	0	0	0	1	0
292045	2920452	Mansidão	0	0	0	0	0	0	0	0	0	0	0	0	0	0	0	0	0	0	0	0	0	0	0	0	0	0	0	0	0	0
292050	2920502	Maracás	0	0	0	3	3	2	1	0	0	0	0	0	0	0	0	0	0	0	0	0	0	0	0	0	0	0	0	0	0	1
292060	2920601	Maragogipe	0	0	4	4	8	2	4	32	2	0	0	0	0	0	0	0	0	0	0	0	0	0	0	1	1	1	0	0	0	0
292070	2920700	Maraú	0	7	7	3	3	1	4	5	7	2	0	0	0	0	0	0	0	0	0	0	0	0	0	0	0	0	0	0	0	0
292080	2920809	Marcionílio Souza	0	0	0	0	1	3	3	3	0	0	0	0	0	0	0	0	0	0	0	0	0	0	0	0	0	0	0	0	0	0
292090	2920908	Mascote	0	5	2	2	0	1	6	5	0	0	0	0	1	0	0	0	0	0	0	0	0	0	0	0	1	0	0	0	2	0
292100	2921005	Mata de São João	1	6	8	6	19	7	8	12	6	2	0	0	0	0	0	0	0	0	2	1	0	0	0	3	0	0	0	0	1	3
292105	2921054	Matina	0	0	1	4	0	1	10	4	1	0	0	0	0	0	0	0	0	0	0	0	0	0	0	0	0	1	0	1	0	0
292110	2921104	Medeiros Neto	0	3	5	4	0	0	0	0	0	0	0	0	0	0	0	0	0	0	1	0	0	2	0	2	2	0	0	0	1	1
292120	2921203	Miguel Calmon	0	1	5	9	13	4	5	8	5	2	0	0	0	0	0	1	0	0	0	0	0	0	0	0	0	0	2	1	1	0
292130	2921302	Milagres	0	0	0	0	0	0	17	2	0	0	0	0	0	0	0	0	0	0	0	2	0	0	0	1	0	0	1	4	2	2
292140	2921401	Mirangaba	0	9	4	1	1	0	2	3	5	0	0	0	0	0	0	0	0	0	1	0	0	0	0	0	1	1	0	0	1	1
292145	2921450	Mirante	0	5	1	5	2	3	5	1	6	0	1	0	0	0	0	0	0	0	0	0	0	0	0	0	0	0	0	1	0	0
292150	2921500	Monte Santo	0	11	12	28	283	32	42	32	10	0	0	0	1	0	0	0	0	0	0	0	0	0	0	0	0	0	0	0	0	0
292160	2921609	Morpará	0	1	4	0	0	0	0	0	0	0	0	0	0	0	0	0	0	0	0	0	0	0	0	0	0	0	0	0	0	0
292170	2921708	Morro do Chapéu	14	15	4	43	10	3	4	8	2	0	0	0	0	0	0	0	1	1	2	1	0	0	0	0	0	0	0	0	3	2
292180	2921807	Mortugaba	0	0	13	2	4	6	3	2	0	0	0	0	0	0	0	0	0	0	0	0	0	0	0	0	0	0	0	0	0	0
292190	2921906	Mucugê	0	0	0	0	0	0	6	1	0	0	0	0	0	0	0	0	0	0	0	0	0	0	0	0	0	1	0	0	0	0
292200	2922003	Mucuri	0	10	4	3	5	18	13	15	7	0	0	0	0	0	0	0	0	0	0	0	0	0	0	0	0	0	0	0	1	0
292205	2922052	Mulungu do Morro	0	0	8	2	1	1	1	1	3	0	0	0	0	0	0	0	0	0	0	0	0	0	0	0	0	0	0	0	0	1
292210	2922102	Mundo Novo	0	0	0	0	0	17	7	3	3	0	0	0	0	0	0	0	0	0	0	0	0	0	0	0	0	0	0	1	1	0
292220	2922201	Muniz Ferreira	0	0	0	0	2	26	11	5	2	0	0	0	0	0	0	0	0	0	0	0	0	0	0	0	0	0	1	0	0	0
292225	2922250	Muquém de São Francisco	0	0	2	0	0	0	0	0	0	0	0	0	0	0	0	0	0	0	0	0	0	0	0	0	0	0	1	0	1	0
292230	2922300	Muritiba	0	22	7	13	3	18	18	3	1	0	0	0	0	0	0	0	0	0	0	0	0	0	0	0	0	0	0	0	0	0
292240	2922409	Mutuípe	0	4	3	8	2	5	16	3	0	0	0	0	0	0	0	0	1	0	0	1	0	0	0	0	0	0	0	0	1	0
292250	2922508	Nazaré	5	0	19	5	6	7	7	5	0	0	0	0	0	0	0	0	1	0	1	1	0	0	0	0	3	0	1	2	2	6
292260	2922607	Nilo Peçanha	0	2	8	1	1	3	2	0	3	0	0	0	0	0	0	0	0	0	0	0	0	0	0	0	0	0	0	1	0	0
292265	2922656	Nordestina	0	0	23	20	24	8	5	8	3	2	0	0	0	0	0	0	0	0	0	0	0	0	0	0	0	0	0	0	0	0
292270	2922706	Nova Canaã	0	5	5	5	10	2	5	0	0	0	0	0	0	0	0	0	0	2	0	0	0	0	0	0	0	0	0	0	1	4
292273	2922730	Nova Fátima	1	2	0	0	0	1	0	0	0	0	1	0	0	0	0	0	0	0	0	0	0	0	1	1	1	1	1	1	0	2
292275	2922755	Nova Ibiá	0	0	0	0	0	1	2	5	0	0	0	0	0	0	0	0	0	0	0	0	0	0	0	1	0	0	0	0	0	0
292280	2922805	Nova Itarana	0	0	0	0	1	0	0	0	0	0	0	0	0	0	0	0	0	0	0	0	0	0	0	0	0	0	0	0	1	0
292285	2922854	Nova Redenção	0	0	2	4	2	2	2	0	1	0	0	0	0	0	0	0	0	0	0	0	0	0	0	0	0	0	0	0	0	0
292290	2922904	Nova Soure	0	0	1	9	11	5	4	20	13	1	0	0	0	0	0	0	0	0	0	0	0	0	0	0	0	0	0	0	2	0
292300	2923001	Nova Viçosa	0	3	3	5	4	7	9	10	7	1	0	0	0	0	1	0	0	0	0	1	0	0	0	0	0	0	0	2	0	2
292303	2923035	Novo Horizonte	0	1	1	1	5	1	0	0	0	0	0	0	0	0	0	0	0	0	0	0	0	0	0	0	0	0	0	0	0	0
292305	2923050	Novo Triunfo	0	4	0	0	0	0	15	9	4	0	0	0	0	0	0	0	0	0	0	0	0	0	0	0	0	0	0	3	0	1
292310	2923100	Olindina	0	7	5	0	0	14	1	6	5	0	0	0	0	0	0	0	0	0	0	1	0	0	0	0	0	0	0	0	2	1
292320	2923209	Oliveira dos Brejinhos	0	3	2	4	0	2	0	1	8	0	0	0	0	0	0	0	0	0	0	0	0	0	1	0	0	0	0	0	0	0
292330	2923308	Ouriçangas	0	19	5	2	0	1	1	0	0	0	0	0	0	0	0	0	0	0	0	0	0	0	1	0	0	0	0	0	0	0
292335	2923357	Ourolândia	0	8	4	0	4	4	14	3	5	0	0	0	1	0	0	0	0	0	0	0	0	0	0	0	1	0	0	1	0	1
292340	2923407	Palmas de Monte Alto	0	0	11	2	4	4	0	0	0	0	0	0	0	1	0	0	0	0	0	0	0	0	0	0	0	0	0	0	0	1
292350	2923506	Palmeiras	0	0	0	0	0	4	9	5	3	0	0	0	0	0	0	0	0	0	0	0	0	0	0	0	0	0	0	1	0	2
292360	2923605	Paramirim	0	0	0	9	4	3	5	2	13	4	0	0	0	0	0	0	0	0	0	0	0	0	0	0	0	0	0	0	1	0
292370	2923704	Paratinga	7	2	2	7	1	2	6	2	1	0	0	0	0	0	0	0	0	0	1	0	0	0	0	1	1	2	2	1	1	1
292380	2923803	Paripiranga	0	10	21	5	7	0	5	8	2	0	0	0	0	0	0	0	0	0	0	0	0	0	0	0	0	0	0	0	2	0
292390	2923902	Pau Brasil	0	11	8	4	4	7	1	8	2	1	0	0	0	0	0	0	0	0	0	0	0	0	0	5	2	3	1	1	3	3
292400	2924009	Paulo Afonso	86	37	45	21	24	56	47	73	46	0	0	1	6	3	5	1	3	5	2	5	0	0	0	2	5	2	2	4	7	9
292405	2924058	Pé de Serra	5	3	1	3	1	2	0	5	9	0	0	0	0	0	0	0	0	0	0	0	0	0	0	0	0	0	0	1	0	0
292410	2924108	Pedrão	0	0	1	0	0	5	2	1	3	0	0	0	0	0	0	0	0	0	0	0	0	0	0	1	0	0	0	0	0	0
292420	2924207	Pedro Alexandre	0	0	0	0	0	1	0	0	0	0	0	0	0	0	0	0	0	0	0	0	0	0	0	0	0	0	0	0	0	1
292430	2924306	Piatã	0	0	0	0	0	0	0	0	0	0	0	0	0	0	0	0	0	0	0	0	0	0	0	0	0	0	0	0	0	0
292440	2924405	Pilão Arcado	3	4	2	2	1	0	0	0	1	0	0	0	0	0	0	0	0	0	0	0	0	0	0	0	0	0	0	1	0	0
292450	2924504	Pindaí	0	0	1	0	1	1	0	0	0	0	0	0	0	0	0	0	0	0	0	0	0	0	0	0	0	0	0	0	0	0
292460	2924603	Pindobaçu	0	0	0	0	0	30	16	11	8	1	0	0	0	0	0	0	0	0	0	0	0	0	0	0	0	0	0	0	0	0
292465	2924652	Pintadas	3	1	1	0	0	1	3	3	5	0	0	0	0	0	0	0	0	0	0	0	0	0	0	0	0	1	0	0	0	0
292467	2924678	Piraí do Norte	0	0	0	0	0	4	0	0	1	0	0	0	0	0	0	0	0	0	0	0	0	0	0	0	0	0	0	0	0	0
292470	2924702	Piripá	0	0	0	2	2	0	3	3	1	0	0	0	0	0	0	0	0	0	0	1	0	0	0	0	0	0	0	0	0	2
292480	2924801	Piritiba	0	6	0	0	0	10	12	4	5	2	0	0	0	0	0	0	0	0	0	0	0	0	0	0	0	0	1	0	0	0
292490	2924900	Planaltino	0	0	0	0	0	6	0	1	0	0	0	0	0	0	0	0	0	0	0	0	0	0	0	0	0	0	0	0	0	0
292500	2925006	Planalto	0	4	5	6	2	2	1	4	3	2	0	0	0	0	1	0	0	0	0	0	0	0	0	1	4	0	0	2	0	1
292510	2925105	Poções	16	21	23	17	10	23	13	0	3	5	0	1	0	1	0	0	0	0	0	0	0	0	1	1	1	0	1	1	4	3
292520	2925204	Pojuca	1	15	0	19	28	47	33	38	18	1	0	0	0	1	1	0	0	1	1	0	0	0	1	0	3	1	2	6	4	2
292525	2925253	Ponto Novo	0	1	10	18	6	7	7	18	20	0	0	0	0	0	0	1	0	0	0	0	0	0	0	0	2	0	0	1	1	0
292530	2925303	Porto Seguro	21	10	79	31	35	29	52	17	66	22	2	24	11	37	24	10	2	11	17	24	0	0	0	6	10	3	3	11	7	13
292540	2925402	Potiraguá	2	3	1	1	0	1	6	1	0	0	0	0	0	0	0	0	0	0	0	0	0	0	0	0	0	0	1	1	1	0
292550	2925501	Prado	2	7	4	9	7	2	1	3	1	0	0	0	0	0	0	0	0	0	0	0	0	0	0	0	0	2	0	1	2	3
292560	2925600	Presidente Dutra	0	1	14	1	4	10	3	0	0	0	0	0	0	0	0	0	0	0	0	0	0	0	0	0	0	0	0	1	0	0
292570	2925709	Presidente Jânio Quadros	2	1	3	0	2	0	0	0	0	0	0	0	0	0	0	0	0	0	0	0	0	0	0	0	0	0	0	0	0	0
292575	2925758	Presidente Tancredo Neves	2	0	0	12	9	6	9	14	4	2	0	0	0	0	0	0	0	0	1	1	0	0	0	0	0	0	0	0	0	2
292580	2925808	Queimadas	0	22	13	11	3	12	9	13	8	3	0	0	0	0	0	0	0	0	0	0	0	0	0	0	0	0	0	0	0	1
292590	2925907	Quijingue	0	3	2	3	2	16	0	5	0	0	0	0	0	0	0	0	0	0	0	0	0	0	0	0	0	0	0	1	1	0
292593	2925931	Quixabeira	0	3	0	2	0	5	5	5	1	0	0	0	0	0	0	0	0	0	0	0	0	0	0	0	0	0	0	0	0	1
292595	2925956	Rafael Jambeiro	8	14	10	6	9	16	14	15	6	0	0	0	0	0	0	0	1	0	0	0	0	1	0	0	0	0	3	1	0	3
292600	2926004	Remanso	5	1	14	8	14	12	10	4	3	0	0	2	0	4	4	1	0	0	0	0	0	0	0	1	6	0	1	3	0	6
292610	2926103	Retirolândia	0	3	4	2	0	0	0	0	0	0	0	0	0	0	0	0	0	0	0	0	0	0	0	0	0	0	0	1	1	0
292620	2926202	Riachão das Neves	5	2	4	1	2	4	5	0	3	0	0	0	0	0	0	0	0	0	0	0	0	0	0	0	0	0	0	0	1	0
292630	2926301	Riachão do Jacuípe	5	9	8	4	1	8	3	1	9	0	0	0	0	0	0	0	0	0	0	0	0	0	3	1	1	0	1	0	3	0
292640	2926400	Riacho de Santana	0	0	0	0	4	9	0	0	0	0	0	0	0	0	0	0	0	0	0	0	0	0	0	0	0	0	0	0	0	0
292650	2926509	Ribeira do Amparo	18	7	8	11	4	15	19	8	8	2	0	0	0	0	0	0	0	0	0	0	0	0	0	0	4	1	0	1	0	0
292660	2926608	Ribeira do Pombal	0	32	72	34	16	12	5	2	2	0	0	0	0	0	0	0	0	0	1	0	0	0	0	0	0	0	0	0	0	0
292665	2926657	Ribeirão do Largo	0	0	8	0	1	1	4	1	0	0	0	0	0	0	0	0	0	0	0	0	0	0	0	1	0	0	0	0	0	2
292670	2926707	Rio de Contas	0	1	0	0	0	1	5	3	1	0	0	0	0	0	0	0	0	0	0	0	0	0	0	0	0	0	0	0	0	0
292680	2926806	Rio do Antônio	0	1	0	0	0	0	0	0	0	0	0	0	0	0	0	0	0	0	0	0	0	0	0	0	0	0	0	0	0	0
292690	2926905	Rio do Pires	1	0	4	1	0	0	1	2	1	0	0	0	0	0	0	0	0	0	0	0	0	0	0	0	0	0	0	0	0	0
292700	2927002	Rio Real	0	1	0	1	13	18	36	8	11	0	0	1	1	0	0	2	0	3	3	0	0	0	1	2	2	4	6	5	9	3
292710	2927101	Rodelas	0	2	0	0	0	6	4	4	4	0	0	0	0	0	0	0	0	0	0	0	0	0	0	0	0	0	1	0	4	1
292720	2927200	Ruy Barbosa	0	0	0	0	1	13	0	5	0	0	0	2	1	0	0	0	0	4	0	1	0	0	0	3	0	0	0	9	3	8
292730	2927309	Salinas da Margarida	2	5	11	6	4	4	4	7	6	0	0	0	0	0	0	0	0	0	0	0	0	0	0	0	0	1	0	0	1	4
292740	2927408	Salvador	274	370	572	386	286	274	367	296	227	0	68	120	84	91	65	40	100	210	309	433	0	1	1	43	35	63	162	283	383	493
292750	2927507	Santa Bárbara	0	0	0	11	8	7	14	2	0	0	0	0	0	0	0	0	0	0	0	0	0	0	0	0	1	0	0	0	0	0
292760	2927606	Santa Brígida	0	0	0	0	0	9	1	0	0	0	0	0	0	0	0	0	0	0	0	0	0	0	0	0	0	0	0	0	3	2
292770	2927705	Santa Cruz Cabrália	0	0	25	10	0	0	5	1	6	0	0	0	0	0	0	1	0	0	1	0	0	0	0	0	3	2	0	2	0	8
292780	2927804	Santa Cruz da Vitória	0	2	5	3	0	3	0	1	2	0	0	0	0	0	0	0	0	0	0	0	0	0	0	0	0	0	0	0	2	2
292790	2927903	Santa Inês	0	7	10	4	2	4	1	0	0	0	0	0	0	0	0	0	0	0	0	0	0	0	0	1	0	0	0	0	1	0
292800	2928000	Santaluz	1	2	5	6	6	2	2	4	0	0	0	0	0	0	0	0	0	0	0	1	0	0	0	0	0	0	0	0	0	1
292805	2928059	Santa Luzia	0	0	4	14	3	0	1	0	6	0	0	0	0	0	0	0	0	0	0	0	0	0	0	1	0	0	0	0	0	0
292810	2928109	Santa Maria da Vitória	1	0	0	2	12	10	8	25	11	0	0	0	0	0	0	0	0	0	0	0	0	0	0	0	0	0	0	2	0	1
292820	2928208	Santana	0	0	0	0	0	0	1	1	3	0	0	0	0	0	0	0	0	0	0	0	0	0	0	0	0	0	0	0	0	0
292830	2928307	Santanópolis	0	2	3	1	0	0	0	0	0	0	0	0	0	0	0	0	0	0	0	0	0	0	0	0	0	0	0	0	0	0
292840	2928406	Santa Rita de Cássia	0	0	0	0	0	0	8	5	1	0	0	0	0	0	0	0	0	0	0	0	0	0	0	0	0	0	0	0	1	0
292850	2928505	Santa Teresinha	4	3	4	3	3	3	2	3	0	0	0	0	0	0	0	0	1	0	1	0	0	0	0	0	0	0	1	1	1	2
292860	2928604	Santo Amaro	0	0	1	0	3	7	10	0	3	1	0	0	0	0	0	2	3	1	0	0	0	0	0	0	0	0	2	0	0	1
292870	2928703	Santo Antônio de Jesus	8	27	66	77	38	24	54	32	34	3	0	2	1	1	0	2	5	3	22	24	0	3	0	4	10	4	10	4	28	11
292880	2928802	Santo Estevão	0	5	4	33	19	17	24	18	10	8	0	0	0	0	0	0	0	0	0	0	0	0	0	1	0	0	0	0	0	2
292890	2928901	São Desidério	0	0	0	0	0	2	11	2	10	0	0	0	0	0	0	0	0	0	0	0	0	0	0	1	0	0	0	1	1	2
292895	2928950	São Domingos	0	8	2	11	7	3	1	2	0	1	0	0	0	0	0	0	0	0	0	0	0	0	0	0	0	0	1	0	1	1
292900	2929008	São Félix	0	0	0	20	3	2	5	1	3	0	0	0	0	0	0	0	0	0	0	1	0	0	0	0	0	1	0	1	0	2
292905	2929057	São Félix do Coribe	0	0	3	5	1	3	6	5	1	0	0	0	0	0	0	0	0	0	0	0	0	0	0	0	0	0	0	0	4	0
292910	2929107	São Felipe	0	13	16	7	4	9	1	6	6	0	0	0	0	0	0	0	0	0	0	0	0	0	0	0	0	0	0	0	0	0
292920	2929206	São Francisco do Conde	0	1	0	0	0	12	19	19	6	0	0	0	0	0	0	1	1	1	1	2	0	0	0	0	0	0	3	1	0	4
292925	2929255	São Gabriel	1	7	9	3	12	8	14	0	0	0	0	0	0	0	0	0	0	0	0	0	0	0	0	0	0	0	0	0	0	0
292930	2929305	São Gonçalo dos Campos	0	8	1	34	6	9	2	18	2	0	0	0	0	0	0	0	0	0	0	0	0	0	0	1	0	0	2	0	1	1
292935	2929354	São José da Vitória	0	7	8	2	1	4	1	1	0	0	0	0	0	0	0	0	0	0	0	0	0	0	0	1	2	0	2	0	0	2
292937	2929370	São José do Jacuípe	0	1	0	0	0	0	0	2	3	0	0	0	0	0	0	0	0	0	1	0	0	0	0	0	0	0	0	0	0	2
292940	2929404	São Miguel das Matas	0	0	0	0	0	4	5	2	0	0	0	0	0	0	0	0	0	0	0	0	0	0	0	0	0	0	0	0	0	0
292950	2929503	São Sebastião do Passe	3	4	12	15	32	22	16	20	8	2	0	2	0	0	0	1	0	0	2	1	0	0	0	0	0	0	0	1	1	4
292960	2929602	Sapeaçu	0	20	1	2	12	4	1	6	4	0	0	0	0	0	0	0	0	0	0	1	0	0	0	0	0	0	0	0	0	1
292970	2929701	Sátiro Dias	0	1	2	3	2	8	10	11	3	0	0	0	0	0	0	0	0	0	0	0	0	0	0	0	0	0	0	0	0	0
292975	2929750	Saubara	0	0	0	3	0	3	0	0	0	0	0	0	0	0	1	0	0	0	0	1	0	0	0	0	1	0	0	0	0	0
292980	2929800	Saúde	0	0	4	10	7	7	10	11	3	1	0	0	0	0	0	0	0	0	0	0	0	0	1	1	1	0	0	1	0	0
292990	2929909	Seabra	0	0	0	0	0	0	0	1	3	0	0	0	1	0	0	0	0	0	0	0	0	0	0	0	0	1	0	1	3	3
293000	2930006	Sebastião Laranjeiras	0	7	2	0	2	1	0	0	0	0	0	0	0	0	0	0	0	0	0	0	0	0	0	0	0	0	0	0	0	0
293010	2930105	Senhor do Bonfim	63	24	45	49	22	13	51	57	20	0	0	0	0	2	1	1	0	1	8	8	0	0	0	4	3	6	3	11	16	11
293015	2930154	Serra do Ramalho	0	0	3	7	10	16	6	0	1	0	0	0	0	0	0	0	0	0	0	0	0	0	0	0	0	0	0	0	1	0
293020	2930204	Sento Sé	0	0	0	0	0	27	16	0	0	0	0	0	0	0	0	1	3	0	1	1	0	0	0	0	0	3	5	7	1	4
293030	2930303	Serra Dourada	0	3	4	13	0	0	0	0	0	0	0	0	0	0	0	0	0	0	0	0	0	0	0	0	1	0	0	0	1	1
293040	2930402	Serra Preta	0	3	3	0	0	0	2	2	7	0	0	0	0	0	0	0	0	0	0	0	0	0	0	1	0	0	0	0	0	0
293050	2930501	Serrinha	4	0	8	0	0	12	12	23	0	0	0	1	0	0	0	0	0	0	1	0	0	0	0	3	3	1	2	1	2	3
293060	2930600	Serrolandia	0	0	0	9	0	14	0	1	3	0	0	0	0	0	0	0	0	0	0	0	0	0	0	0	1	3	0	0	0	1
293070	2930709	Simões Filho	1	0	19	24	6	0	54	35	8	0	0	0	1	0	5	2	0	6	5	2	0	0	0	0	0	0	0	6	6	2
293075	2930758	Sítio do Mato	0	0	0	0	2	0	0	1	1	0	0	0	0	0	0	0	0	0	0	0	0	0	0	0	0	0	1	0	0	0
293076	2930766	Sítio do Quinto	0	0	2	0	0	0	22	4	5	0	0	0	0	0	0	0	0	0	0	0	0	0	0	0	0	0	0	0	0	1
293077	2930774	Sobradinho	1	6	10	2	0	9	13	13	0	0	0	0	0	0	0	0	1	0	0	0	0	0	0	0	0	0	0	0	2	4
293080	2930808	Souto Soares	0	0	0	3	2	3	2	2	1	0	0	0	0	0	0	0	0	0	0	1	0	0	0	0	0	0	0	0	0	3
293090	2930907	Tabocas do Brejo Velho	0	0	0	7	1	1	1	0	0	0	0	0	0	0	0	0	0	0	0	0	0	0	0	0	0	0	0	0	0	0
293100	2931004	Tanhacu	8	3	9	14	2	5	4	5	3	0	0	0	0	0	0	0	0	0	0	0	0	0	0	0	0	0	0	0	0	0
293105	2931053	Tanque Novo	0	3	2	2	0	2	0	0	0	0	0	0	0	0	0	0	0	0	0	0	0	0	0	0	0	0	0	0	0	0
293110	2931103	Tanquinho	2	2	2	6	1	0	0	0	0	0	0	1	0	0	0	0	0	0	1	0	0	0	0	1	0	0	0	1	1	1
293120	2931202	Taperoá	0	1	5	0	0	2	2	0	0	0	0	0	0	0	0	0	0	0	0	0	0	0	0	0	0	0	1	0	0	0
293130	2931301	Tapiramutá	0	0	2	8	2	0	0	6	0	0	0	0	0	0	0	0	0	2	2	0	0	0	0	0	0	0	0	4	4	2
293135	2931350	Teixeira de Freitas	11	16	21	29	56	25	32	18	40	0	0	0	0	0	1	31	22	22	37	31	0	0	0	6	2	17	44	33	43	43
293140	2931400	Teodoro Sampaio	2	3	16	3	0	0	3	4	0	0	0	0	0	0	0	0	0	0	0	0	0	0	0	0	0	1	2	1	0	1
293150	2931509	Teofilândia	0	3	9	22	6	11	6	28	12	0	0	1	0	0	0	0	0	0	0	0	0	0	0	0	0	0	0	0	1	1
293160	2931608	Teolândia	0	2	5	3	2	0	2	4	3	1	0	0	0	0	0	0	0	0	0	0	0	0	0	0	0	0	1	2	1	2
293170	2931707	Terra Nova	0	4	4	4	3	4	5	28	2	0	0	0	0	0	0	1	1	0	0	0	0	0	0	0	0	1	0	4	1	5
293180	2931806	Tremedal	0	0	0	0	0	4	1	6	2	0	0	0	0	0	0	0	0	0	0	0	0	0	0	0	0	0	0	0	0	0
293190	2931905	Tucano	0	67	9	12	7	16	11	20	13	1	0	0	1	0	0	1	0	0	0	0	0	0	0	0	0	0	1	0	0	0
293200	2932002	Uauá	0	65	17	11	11	6	4	2	5	4	0	0	0	0	0	0	0	0	0	0	0	0	0	0	0	0	0	0	0	0
293210	2932101	Ubaíra	1	18	7	12	7	0	6	1	1	0	0	0	0	0	0	0	0	0	0	0	0	0	0	0	0	0	0	2	1	1
293220	2932200	Ubaitaba	33	10	14	2	3	4	1	31	15	2	0	0	0	1	1	0	0	0	0	0	0	0	0	1	0	0	0	0	1	0
293230	2932309	Ubatã	0	0	0	0	0	16	1	1	0	0	0	0	0	0	0	0	1	0	0	1	0	0	0	0	0	1	1	1	2	0
293240	2932408	Uibaí	0	0	0	0	0	19	12	3	11	1	0	0	0	0	0	0	0	0	0	0	0	0	0	1	0	0	0	0	1	0
293245	2932457	Umburanas	1	4	6	2	6	3	4	8	3	0	0	0	0	0	0	0	0	0	0	0	0	0	0	1	0	0	0	0	0	0
293250	2932507	Una	10	0	2	11	8	3	5	7	2	1	0	0	0	0	1	2	0	1	1	1	0	0	0	0	2	2	2	2	6	3
293260	2932606	Urandi	0	0	0	0	0	8	1	0	0	0	0	0	0	0	0	0	0	0	0	0	0	0	0	0	0	0	0	0	0	0
293270	2932705	Uruçuca	1	6	10	9	5	11	11	7	5	1	0	0	0	0	0	0	0	1	0	0	0	0	0	1	1	2	1	0	0	0
293280	2932804	Utinga	0	0	4	0	2	13	10	13	1	1	0	0	0	0	0	0	0	0	0	0	0	0	0	0	1	0	1	0	0	1
293290	2932903	Valença	20	8	17	30	45	24	25	17	14	3	0	0	0	0	0	0	0	0	0	4	0	0	0	0	0	1	2	1	1	22
293300	2933000	Valente	0	3	5	0	3	0	2	4	0	0	0	0	0	0	0	0	0	0	0	0	0	0	0	0	0	0	0	0	1	0
293305	2933059	Várzea da Roca	0	3	8	1	0	2	5	2	2	0	0	0	0	0	0	0	0	0	0	0	0	0	0	0	0	1	0	0	0	1
293310	2933109	Várzea do Poco	0	0	0	0	0	10	0	1	2	0	0	0	0	0	0	0	0	0	0	0	0	0	0	0	0	0	0	0	0	0
293315	2933158	Várzea Nova	2	7	3	2	0	2	1	0	5	1	0	0	0	0	0	0	0	0	0	0	0	0	0	0	0	0	0	0	0	0
293317	2933174	Varzedo	0	2	16	14	8	5	3	0	0	0	0	0	0	0	0	0	0	0	0	0	0	0	0	0	0	0	0	0	1	0
293320	2933208	Vera Cruz	0	4	25	7	6	4	2	2	12	0	0	0	0	0	0	0	0	0	0	0	0	0	0	0	0	1	1	1	2	12
293325	2933257	Vereda	0	0	0	0	0	0	2	7	1	0	0	0	0	0	0	0	0	0	0	0	0	0	0	0	0	0	0	0	0	0
293330	2933307	Vitória da Conquista	1	0	6	32	17	40	12	4	0	0	18	17	23	12	26	36	20	17	31	34	0	0	0	20	1	3	33	39	37	47
293340	2933406	Wagner	0	0	10	1	0	2	0	0	0	0	0	0	0	0	0	0	0	0	0	0	0	0	0	0	0	0	0	0	1	0
293345	2933455	Wanderley	0	0	0	0	0	8	13	2	6	0	0	0	2	0	0	0	0	0	0	0	0	0	0	0	0	0	0	0	0	2
293350	2933505	Wenceslau Guimarães	1	1	5	7	10	6	19	25	12	0	0	0	0	0	0	0	0	1	0	0	0	0	0	0	2	0	2	5	4	1
293360	2933604	Xique-Xique	0	14	7	11	8	14	32	12	3	0	0	0	0	0	0	0	0	0	0	0	0	0	0	0	1	0	0	0	0	3