codigo mun	QtProfissionais/100000Hab	QtMédicos/100000Hab	QtEnfermeiros/100000Hab	QtSUS/100000Hab	QtNãoSUS/100000Hab	QtProfissionais/100000Hab	QtMédicos/100000Hab	QtEnfermeiros/100000Hab	QtSUS/100000Hab	QtNãoSUS/100000Hab	QtProfissionais/100000Hab	QtMédicos/100000Hab	QtEnfermeiros/100000Hab	QtSUS/100000Hab	QtNãoSUS/100000Hab	QtProfissionais/100000Hab	QtMédicos/100000Hab	QtEnfermeiros/100000Hab	QtSUS/100000Hab	QtNãoSUS/100000Hab	QtProfissionais/100000Hab	QtMédicos/100000Hab	QtEnfermeiros/100000Hab	QtSUS/100000Hab	QtNãoSUS/100000Hab	QtProfissionais/100000Hab	QtMédicos/100000Hab	QtEnfermeiros/100000Hab	QtSUS/100000Hab	QtNãoSUS/100000Hab	QtProfissionais/100000Hab	QtMédicos/100000Hab	QtEnfermeiros/100000Hab	QtSUS/100000Hab	QtNãoSUS/100000Hab	QtProfissionais/100000Hab	QtMédicos/100000Hab	QtEnfermeiros/100000Hab	QtSUS/100000Hab	QtNãoSUS/100000Hab	QtProfissionais/100000Hab	QtMédicos/100000Hab	QtEnfermeiros/100000Hab	QtSUS/100000Hab	QtNãoSUS/100000Hab
2900108	120	54	65	120	0	152	87	65	152	0	163	76	87	163	0	141	65	76	141	0	174	98	76	174	0	152	87	65	152	0	174	120	54	174	0	152	87	65	152	0	120	43	76	120	0
2900207	99	50	50	99	0	79	30	50	79	0	89	40	50	89	0	104	30	74	104	0	114	35	79	114	0	114	35	79	114	0	79	10	69	79	0	139	59	79	139	0	139	45	94	139	0
2900306	108	64	45	89	19	114	45	70	108	6	102	25	76	95	6	102	51	51	95	6	108	57	51	102	6	102	45	57	95	6	95	32	64	89	6	121	57	64	114	6	146	70	76	134	13
2900355	63	29	35	63	0	69	23	46	69	0	81	29	52	81	0	92	52	40	92	0	98	58	40	98	0	86	46	40	86	0	853	807	46	853	0	98	46	52	98	0	98	40	58	92	6
2900405	114	51	63	114	0	126	69	57	126	0	109	51	57	109	0	131	51	80	131	0	143	63	80	143	0	131	57	74	131	0	217	149	69	217	0	120	34	86	120	0	131	46	86	131	0
2900504	116	54	62	116	0	134	62	71	134	0	143	62	80	134	9	125	45	80	125	0	116	45	71	116	0	125	45	80	116	9	80	18	62	80	0	169	62	107	169	0	169	54	116	169	0
2900603	190	127	63	190	0	106	42	63	106	0	148	21	127	148	0	127	21	106	127	0	190	63	127	190	0	190	85	106	190	0	614	508	106	614	0	169	21	148	169	0	190	42	148	190	0
2900702	175	128	47	126	49	188	121	68	145	44	201	129	72	157	44	231	154	78	177	54	224	144	80	172	51	217	140	77	155	63	158	70	88	90	68	283	180	103	180	103	317	187	130	224	93
2900801	128	77	51	128	0	107	51	56	107	0	111	51	60	111	0	141	77	64	141	0	150	90	60	150	0	175	107	68	175	0	103	26	77	103	0	184	103	81	184	0	175	90	86	175	0
2900900	33	0	33	33	0	67	17	50	67	0	100	50	50	100	0	100	33	67	100	0	100	33	67	100	0	117	50	67	117	0	451	368	84	451	0	251	134	117	251	0	167	84	84	167	0
2901007	154	102	52	136	18	141	84	58	128	13	191	125	65	175	16	214	146	68	193	21	186	105	81	162	24	188	105	84	162	26	131	52	78	102	29	178	91	86	152	26	193	91	102	165	29
2901106	87	53	34	87	0	80	38	42	80	0	91	38	53	87	4	102	42	61	98	4	106	45	61	102	4	110	61	49	106	4	61	23	38	57	4	110	57	53	106	4	140	72	68	136	4
2901155	101	54	48	101	0	95	42	54	95	0	107	54	54	107	0	107	48	60	107	0	131	60	71	131	0	125	60	65	125	0	101	36	65	101	0	161	71	89	161	0	208	89	119	208	0
2901205	118	61	56	118	0	77	26	51	77	0	112	51	61	112	0	123	61	61	123	0	189	87	102	189	0	215	123	92	215	0	148	51	97	148	0	225	112	112	225	0	194	82	112	194	0
2901304	131	73	58	131	0	109	51	58	109	0	131	51	80	131	0	109	29	80	109	0	116	51	66	116	0	116	58	58	116	0	167	102	66	167	0	131	80	51	131	0	146	80	66	146	0
2901353	65	19	45	65	0	65	26	39	65	0	84	32	52	84	0	84	26	58	84	0	103	39	65	103	0	90	39	52	84	6	77	26	52	71	6	103	39	65	97	6	110	45	65	90	19
2901403	82	54	27	82	0	75	54	20	75	0	88	54	34	88	0	48	27	20	48	0	48	27	20	48	0	48	20	27	48	0	61	34	27	61	0	123	68	54	123	0	116	34	82	116	0
2901502	105	35	70	105	0	113	44	70	113	0	122	61	61	122	0	148	61	87	148	0	183	96	87	183	0	183	70	113	183	0	165	78	87	165	0	165	70	96	165	0	157	44	113	157	0
2901601	128	77	51	128	0	128	56	72	128	0	128	56	72	123	5	138	61	77	133	5	153	66	87	148	5	153	66	87	153	0	112	26	87	112	0	179	92	87	179	0	169	66	102	169	0
2901700	74	16	57	74	0	82	25	57	82	0	90	33	57	90	0	115	49	66	115	0	115	41	74	115	0	115	41	74	115	0	131	74	57	131	0	131	33	98	131	0	123	33	90	123	0
2901809	41	0	41	41	0	91	41	50	91	0	91	50	41	91	0	108	58	50	108	0	157	83	75	157	0	141	66	75	133	8	166	99	66	157	8	149	66	83	149	0	108	25	83	108	0
2901908	142	82	60	136	5	98	38	60	93	5	76	33	44	71	5	104	55	49	98	5	109	60	49	104	5	104	49	55	98	5	136	104	33	136	0	115	71	44	115	0	82	49	33	82	0
2901957	103	39	65	103	0	103	13	91	103	0	168	52	116	168	0	155	52	103	155	0	129	52	78	129	0	142	65	78	142	0	103	26	78	103	0	168	78	91	168	0	155	65	91	155	0
2902005	222	129	93	222	0	150	72	79	150	0	158	79	79	158	0	193	107	86	193	0	186	93	93	186	0	186	93	93	186	0	93	14	79	93	0	150	57	93	150	0	193	79	115	193	0
2902054	103	40	63	103	0	127	63	63	127	0	87	8	79	87	0	143	63	79	143	0	198	103	95	198	0	182	103	79	182	0	103	24	79	103	0	174	63	111	174	0	119	71	48	119	0
2902104	88	36	52	84	4	77	29	48	75	2	89	34	55	88	2	88	38	50	86	2	97	45	52	93	4	107	45	63	102	5	82	18	64	77	5	104	41	63	100	4	114	39	75	111	4
2902203	43	9	34	43	0	60	26	34	60	0	77	17	60	60	17	77	9	68	68	9	77	9	68	68	9	77	17	60	77	0	120	60	60	120	0	60	9	51	60	0	68	17	51	68	0
2902252	77	17	60	77	0	103	17	86	103	0	94	9	86	94	0	94	26	69	94	0	120	43	77	120	0	111	26	86	111	0	111	60	51	111	0	111	26	86	111	0	129	43	86	129	0
2902302	76	33	44	76	0	65	22	44	65	0	65	11	55	65	0	98	44	55	98	0	76	22	55	76	0	65	22	44	65	0	120	76	44	120	0	131	33	98	131	0	131	33	98	131	0
2902401	126	63	63	126	0	134	47	87	134	0	126	39	87	126	0	165	71	94	165	0	142	55	87	142	0	134	47	87	134	0	331	244	87	331	0	126	55	71	126	0	142	63	79	142	0
2902500	98	63	35	98	0	98	56	42	98	0	84	42	42	84	0	105	21	84	105	0	126	49	77	126	0	140	49	91	140	0	202	105	98	202	0	140	56	84	140	0	140	42	98	140	0
2902609	107	65	42	103	5	56	37	19	56	0	51	28	23	51	0	98	47	51	98	0	112	61	51	112	0	107	56	51	103	5	126	117	9	126	0	112	61	51	112	0	93	42	51	93	0
2902658	94	15	80	94	0	94	15	80	94	0	124	15	109	124	0	167	51	116	167	0	145	44	102	145	0	153	58	94	153	0	167	36	131	167	0	182	58	124	182	0	131	36	94	131	0
2902708	78	40	38	78	0	80	46	35	80	0	91	46	46	91	0	95	40	55	95	0	111	51	60	111	0	118	56	62	118	0	73	7	66	73	0	127	62	66	127	0	124	51	73	124	0
2902807	136	86	50	131	5	131	72	59	127	5	118	59	59	113	5	140	77	63	136	5	154	68	86	149	5	163	68	95	159	5	1100	996	104	1096	5	181	82	100	172	9	172	72	100	163	9
2902906	149	88	62	147	3	164	103	62	164	0	170	106	64	170	0	164	103	62	164	0	149	82	67	149	0	147	85	62	144	3	88	26	62	85	3	141	76	64	138	3	135	73	62	132	3
2903003	82	41	41	82	0	69	27	41	69	0	69	27	41	69	0	82	27	55	82	0	130	27	103	130	0	144	21	124	144	0	185	55	130	185	0	172	34	137	172	0	144	27	117	144	0
2903102	96	48	48	96	0	128	64	64	128	0	96	48	48	96	0	96	48	48	96	0	96	48	48	96	0	128	64	64	128	0	144	96	48	144	0	96	32	64	96	0	80	16	64	80	0
2903201	221	130	91	207	15	228	133	95	211	17	226	129	97	213	13	242	145	97	222	20	273	148	125	250	23	305	159	147	275	30	189	37	152	161	28	334	167	167	276	58	353	181	172	296	56
2903235	72	33	39	72	0	53	20	33	53	0	53	20	33	53	0	66	20	46	66	0	79	33	46	79	0	85	39	46	85	0	145	99	46	145	0	85	33	53	85	0	85	39	46	85	0
2903276	86	43	43	86	0	92	37	55	92	0	98	49	49	98	0	110	61	49	110	0	117	49	68	117	0	129	43	86	123	6	141	49	92	135	6	129	37	92	123	6	129	43	86	123	6
2903300	256	192	64	240	16	144	80	64	144	0	128	80	48	128	0	224	128	96	224	0	272	176	96	272	0	256	160	96	256	0	256	144	112	256	0	224	112	112	224	0	192	80	112	192	0
2903409	158	96	62	150	8	146	79	67	142	4	158	83	75	154	4	142	71	71	137	4	146	71	75	142	4	146	71	75	146	0	125	50	75	125	0	158	79	79	158	0	158	67	92	158	0
2903508	181	99	82	181	0	153	60	93	153	0	164	60	104	164	0	142	44	99	142	0	164	44	121	164	0	186	77	110	186	0	395	279	115	395	0	175	60	115	175	0	175	66	110	175	0
2903607	66	30	36	66	0	96	36	60	96	0	102	36	66	102	0	66	30	36	66	0	84	42	42	84	0	60	18	42	60	0	108	54	54	108	0	150	54	96	150	0	150	54	96	150	0
2903706	64	14	50	64	0	85	36	50	85	0	78	21	57	78	0	107	21	85	107	0	135	57	78	135	0	149	64	85	149	0	114	28	85	114	0	100	36	64	100	0	100	28	71	100	0
2903805	97	51	46	97	0	87	41	46	87	0	87	41	46	87	0	97	41	56	97	0	113	62	51	113	0	92	41	51	92	0	82	31	51	82	0	144	82	62	144	0	113	56	56	113	0
2903904	89	42	47	85	4	112	59	52	99	13	99	42	57	86	13	123	55	68	109	14	157	75	82	143	14	191	86	105	180	11	140	25	115	127	13	204	91	113	191	13	214	101	113	202	11
2903953	134	76	57	134	0	115	67	48	115	0	153	86	67	153	0	153	86	67	153	0	191	115	76	191	0	153	86	67	153	0	134	67	67	134	0	172	86	86	172	0	191	86	105	191	0
2904001	81	41	41	81	0	68	34	34	68	0	75	41	34	75	0	61	27	34	61	0	81	27	54	81	0	75	27	47	75	0	61	14	47	61	0	75	27	47	75	0	68	20	47	68	0
2904050	93	35	58	93	0	88	29	58	88	0	76	23	53	76	0	76	29	47	76	0	76	18	58	76	0	88	29	58	88	0	88	29	58	88	0	88	29	58	88	0	105	47	58	105	0
2904100	89	36	53	89	0	93	36	58	93	0	98	45	53	98	0	93	45	49	93	0	89	40	49	89	0	80	40	40	80	0	40	18	22	40	0	98	40	58	98	0	120	31	89	120	0
2904209	165	83	83	156	9	184	83	101	174	9	156	73	83	147	9	110	55	55	101	9	92	37	55	83	9	101	46	55	92	9	569	523	46	569	0	147	64	83	147	0	165	64	101	165	0
2904308	79	13	66	79	0	46	13	33	46	0	79	26	53	79	0	86	26	60	86	0	73	33	40	73	0	86	33	53	86	0	79	46	33	79	0	73	33	40	73	0	79	33	46	79	0
2904407	65	28	37	65	0	65	18	46	65	0	46	18	28	46	0	65	9	55	65	0	65	18	46	65	0	92	37	55	92	0	102	46	55	102	0	102	55	46	102	0	83	18	65	83	0
2904506	100	46	55	100	0	73	27	46	64	9	109	46	64	100	9	82	27	55	82	0	91	36	55	91	0	137	55	82	137	0	155	82	73	155	0	146	55	91	146	0	128	55	73	128	0
2904605	151	92	59	128	23	161	88	73	141	20	181	99	82	149	32	215	111	105	188	27	225	123	102	198	27	227	128	99	199	27	144	44	99	102	42	237	144	93	191	46	263	149	113	217	46
2904704	125	68	57	125	0	99	52	47	99	0	104	52	52	104	0	99	42	57	99	0	119	47	73	119	0	93	31	62	93	0	192	140	52	192	0	109	36	73	109	0	119	36	83	119	0
2904753	28	14	14	28	0	32	14	18	32	0	32	9	23	32	0	41	18	23	41	0	69	32	37	69	0	60	23	37	60	0	96	50	46	96	0	101	32	69	101	0	92	18	73	92	0
2904803	140	64	77	140	0	128	38	89	128	0	153	51	102	153	0	204	102	102	204	0	166	89	77	166	0	153	77	77	153	0	204	128	77	204	0	140	51	89	140	0	115	38	77	115	0
2904852	62	16	47	62	0	98	52	47	98	0	93	41	52	93	0	109	41	67	109	0	104	41	62	104	0	83	21	62	83	0	83	21	62	83	0	140	47	93	140	0	119	26	93	119	0
2904902	122	77	46	117	6	131	80	51	128	3	171	111	60	157	14	162	94	68	148	14	176	88	88	159	17	196	105	91	179	17	253	176	77	236	17	165	91	74	142	23	185	100	85	162	23
2905008	113	80	34	101	13	105	63	42	92	13	101	59	42	84	17	109	50	59	92	17	155	80	76	130	25	168	88	80	126	42	172	88	84	118	55	172	92	80	122	50	223	126	97	139	84
2905107	99	60	40	99	0	109	50	60	109	0	99	50	50	99	0	149	99	50	149	0	139	89	50	139	0	139	89	50	139	0	129	70	60	129	0	109	60	50	109	0	159	89	70	159	0
2905156	62	31	31	62	0	75	31	43	75	0	75	31	43	75	0	56	6	50	56	0	106	50	56	99	6	99	37	62	93	6	93	37	56	93	0	68	25	43	68	0	106	37	68	106	0
2905206	79	55	25	64	15	108	70	38	95	13	123	79	44	106	17	144	91	53	132	11	153	104	49	134	19	176	114	62	157	19	151	81	70	134	17	199	125	74	182	17	204	123	81	180	25
2905305	79	37	42	79	0	100	32	68	100	0	79	26	53	79	0	74	21	53	74	0	95	37	58	95	0	121	47	74	121	0	1889	1826	63	1889	0	132	53	79	132	0	126	63	63	126	0
2905404	49	27	22	49	0	60	33	27	60	0	49	22	27	49	0	38	11	27	38	0	38	16	22	38	0	66	22	44	66	0	126	60	66	126	0	121	66	55	121	0	121	60	60	121	0
2905503	102	44	58	102	0	88	51	36	88	0	117	51	66	117	0	88	36	51	88	0	95	36	58	95	0	109	44	66	109	0	102	51	51	102	0	139	66	73	139	0	102	44	58	102	0
2905602	117	75	42	117	0	108	72	36	108	0	108	66	42	108	0	111	60	51	111	0	144	78	66	144	0	153	84	69	153	0	177	111	66	177	0	183	93	90	177	6	147	66	81	144	3
2905701	216	159	57	174	42	221	159	62	180	40	222	163	59	183	39	244	173	70	203	40	255	177	78	211	44	234	154	80	197	37	124	35	89	86	38	252	162	90	206	46	298	194	104	239	59
2905800	90	57	33	74	16	76	41	35	57	19	82	49	33	63	19	87	49	38	68	19	93	49	44	76	16	87	46	41	68	19	87	44	44	74	14	109	55	55	93	16	128	57	71	112	16
2905909	67	30	37	67	0	73	30	43	73	0	70	23	47	70	0	100	43	57	100	0	80	27	53	80	0	77	30	47	77	0	103	53	50	103	0	103	40	63	103	0	87	27	60	83	3
2906006	74	48	26	65	8	57	30	27	54	3	54	38	16	49	5	63	49	14	60	3	64	49	15	61	3	75	59	16	71	4	48	12	35	42	5	116	69	46	103	12	120	71	49	108	12
2906105	128	89	39	128	0	118	69	49	118	0	118	69	49	118	0	138	79	59	138	0	118	59	59	118	0	138	59	79	138	0	443	384	59	443	0	118	69	49	118	0	128	49	79	128	0
2906204	56	34	22	56	0	67	37	30	67	0	78	45	34	74	4	78	30	48	74	4	130	56	74	127	4	119	45	74	119	0	74	11	63	74	0	104	45	60	104	0	104	45	60	104	0
2906303	121	64	58	112	9	118	58	61	109	9	103	42	61	94	9	109	58	52	91	18	118	70	48	97	21	124	76	48	100	24	103	48	55	82	21	121	67	55	106	15	124	61	64	112	12
2906402	79	34	45	79	0	102	45	57	102	0	113	34	79	113	0	124	45	79	124	0	181	68	113	181	0	147	68	79	147	0	294	238	57	294	0	192	102	91	192	0	170	79	91	170	0
2906501	192	140	51	127	65	149	93	57	97	52	185	115	70	128	57	208	129	79	124	85	220	130	89	137	82	190	103	87	109	80	157	54	104	86	71	225	123	103	161	65	243	137	106	183	60
2906600	101	68	34	101	0	68	34	34	68	0	68	27	41	68	0	47	7	41	47	0	54	14	41	54	0	54	27	27	54	0	68	41	27	68	0	47	14	34	47	0	54	20	34	54	0
2906709	97	41	56	97	0	105	45	60	105	0	101	37	64	101	0	109	37	71	109	0	82	26	56	82	0	82	26	56	82	0	124	56	67	124	0	124	41	82	124	0	109	30	79	109	0
2906808	80	39	41	80	0	72	25	47	72	0	80	39	41	80	0	91	50	41	91	0	91	39	52	88	3	102	52	50	99	3	72	19	52	69	3	108	58	50	105	3	108	50	58	105	3
2906824	116	69	46	116	0	87	40	46	87	0	98	46	52	98	0	104	40	64	104	0	133	64	69	133	0	98	40	58	98	0	144	81	64	144	0	98	46	52	98	0	116	46	69	116	0
2906857	123	57	66	123	0	123	49	74	115	8	90	25	66	82	8	148	57	90	148	0	131	41	90	131	0	115	25	90	115	0	164	74	90	164	0	139	33	107	139	0	180	82	98	180	0
2906873	89	48	41	89	0	96	54	41	92	3	92	45	48	89	3	115	45	70	111	3	127	51	76	124	3	140	54	86	137	3	137	35	102	134	3	156	64	92	150	6	162	67	96	153	10
2906899	102	20	82	102	0	102	31	72	102	0	143	61	82	143	0	133	31	102	133	0	133	41	92	133	0	133	41	92	133	0	460	338	123	460	0	184	61	123	184	0	153	31	123	153	0
2906907	101	40	62	101	0	101	48	53	101	0	101	44	57	101	0	114	48	66	114	0	128	57	70	123	4	119	53	66	119	0	141	79	62	141	0	106	26	79	106	0	136	48	88	136	0
2907004	84	42	42	84	0	84	31	52	84	0	157	73	84	157	0	168	115	52	168	0	136	73	63	136	0	147	84	63	147	0	73	21	52	73	0	115	73	42	115	0	105	63	42	105	0
2907103	90	40	50	90	0	76	37	40	76	0	83	43	40	83	0	90	46	43	90	0	76	33	43	76	0	83	27	56	80	3	149	93	56	143	7	110	56	53	100	10	116	60	56	106	10
2907202	46	29	18	46	0	52	29	23	52	0	44	23	20	44	0	56	37	19	56	0	61	44	18	61	0	69	49	20	68	1	26	7	19	25	1	86	50	35	84	1	86	49	37	84	1
2907301	169	92	77	154	15	158	77	81	151	7	195	92	103	184	11	176	70	106	165	11	209	92	117	198	11	198	77	121	187	11	132	48	84	121	11	191	92	99	180	11	173	66	106	165	7
2907400	0	0	0	0	0	55	0	55	55	0	82	0	82	82	0	82	27	55	82	0	109	27	82	109	0	136	55	82	136	0	245	136	109	245	0	136	55	82	136	0	136	27	109	136	0
2907509	120	89	32	97	23	117	80	37	92	25	131	90	41	97	34	124	85	39	92	32	138	87	51	101	37	156	74	81	105	51	129	50	80	78	51	177	90	87	103	74	174	94	80	106	67
2907558	61	20	41	61	0	82	31	51	82	0	92	31	61	92	0	92	41	51	92	0	92	31	61	92	0	92	41	51	92	0	195	102	92	195	0	195	72	123	195	0	164	41	123	164	0
2907608	67	22	45	67	0	95	28	67	95	0	95	28	67	95	0	134	56	78	134	0	134	61	72	134	0	173	72	100	173	0	234	122	111	234	0	150	56	95	150	0	106	39	67	106	0
2907707	78	35	43	78	0	95	35	60	95	0	147	43	104	147	0	138	35	104	138	0	173	52	121	173	0	164	52	112	164	0	155	78	78	155	0	121	35	86	121	0	173	43	129	173	0
2907806	72	35	37	69	3	95	58	37	92	3	95	46	49	92	3	89	46	43	87	3	127	61	66	118	9	138	72	66	130	9	89	29	61	84	6	144	81	63	130	14	121	52	69	107	14
2907905	96	45	51	96	0	51	34	17	51	0	45	34	11	45	0	101	34	68	101	0	141	56	85	141	0	113	45	68	113	0	135	56	79	135	0	130	45	85	130	0	130	45	85	130	0
2908002	184	84	100	184	0	173	84	89	173	0	210	89	121	205	5	226	105	121	221	5	237	121	116	231	5	226	110	116	221	5	310	195	116	310	0	200	84	116	189	11	195	74	121	184	11
2908101	77	41	36	77	0	72	36	36	72	0	77	31	46	77	0	87	36	51	87	0	113	46	67	113	0	128	51	77	128	0	282	205	77	282	0	144	72	72	144	0	133	62	72	133	0
2908200	83	35	48	78	4	61	22	39	56	4	87	35	52	83	4	100	43	56	96	4	91	35	56	83	9	96	39	56	87	9	135	69	65	117	17	169	83	87	161	9	148	65	83	139	9
2908309	132	82	49	121	11	159	93	66	143	16	181	110	71	170	11	170	71	99	170	0	143	44	99	143	0	154	60	93	154	0	181	93	88	181	0	143	60	82	143	0	176	82	93	176	0
2908408	98	67	31	91	7	94	63	31	85	9	92	60	32	83	9	105	59	47	98	7	119	72	47	107	12	129	73	56	98	31	95	32	63	66	29	148	79	69	111	37	161	86	75	116	45
2908507	115	86	30	106	9	80	41	38	74	6	154	92	62	130	24	154	115	38	130	24	180	130	50	162	18	171	106	65	159	12	142	56	86	112	30	248	154	94	218	30	236	151	86	198	38
2908606	95	49	46	95	0	106	64	42	106	0	110	61	49	110	0	95	46	49	95	0	99	46	53	99	0	121	57	64	121	0	80	23	57	80	0	125	57	68	125	0	114	53	61	114	0
2908705	99	38	60	99	0	126	55	71	88	38	137	55	82	115	22	170	77	93	126	44	203	99	104	170	33	275	137	137	242	33	187	66	121	170	16	253	110	143	242	11	214	71	143	198	16
2908804	93	47	47	93	0	70	23	47	70	0	93	47	47	93	0	70	47	23	70	0	140	70	70	140	0	140	70	70	140	0	186	116	70	186	0	163	70	93	163	0	163	70	93	163	0
2908903	109	63	46	109	0	142	92	50	142	0	134	84	50	134	0	159	92	67	159	0	176	109	67	176	0	109	50	59	109	0	121	63	59	121	0	138	67	71	138	0	138	54	84	138	0
2909000	191	112	79	191	0	168	90	79	168	0	202	79	124	202	0	225	101	124	225	0	202	101	101	202	0	180	79	101	180	0	157	56	101	157	0	202	90	112	202	0	213	90	124	213	0
2909109	74	33	40	74	0	74	27	47	74	0	80	33	47	80	0	114	40	74	114	0	121	47	74	121	0	114	40	74	114	0	114	20	94	114	0	167	54	114	167	0	228	87	141	228	0
2909208	77	24	54	77	0	77	24	54	77	0	89	24	65	89	0	113	54	59	113	0	89	30	59	89	0	95	36	59	95	0	161	89	71	161	0	107	42	65	107	0	107	48	59	107	0
2909307	66	27	39	57	9	63	15	48	57	6	63	18	45	57	6	78	18	60	75	3	102	42	60	99	3	108	51	57	102	6	78	21	57	72	6	99	42	57	96	3	81	24	57	78	3
2909406	49	28	21	49	0	69	28	42	69	0	83	35	49	83	0	90	28	62	90	0	69	21	49	69	0	83	28	56	83	0	402	340	62	402	0	83	21	62	83	0	97	28	69	97	0
2909505	143	108	36	143	0	108	72	36	108	0	126	72	54	126	0	90	36	54	90	0	90	36	54	90	0	143	54	90	143	0	412	323	90	412	0	161	54	108	161	0	143	54	90	143	0
2909604	92	32	60	92	0	96	32	64	96	0	110	41	69	110	0	114	41	73	114	0	92	32	60	92	0	128	46	82	128	0	92	18	73	92	0	160	73	87	160	0	147	64	82	147	0
2909703	42	7	35	42	0	21	0	21	21	0	42	0	42	42	0	69	21	49	69	0	111	28	83	111	0	111	35	76	111	0	368	292	76	368	0	139	42	97	139	0	139	42	97	139	0
2909802	148	92	55	123	25	163	100	63	132	31	165	100	65	129	35	180	92	88	137	43	191	103	88	136	55	200	109	91	145	55	151	62	89	91	60	222	136	86	162	60	240	149	91	168	72
2909901	51	23	28	51	0	62	25	37	62	0	68	25	42	68	0	96	45	51	96	0	101	48	53	101	0	101	48	53	101	0	62	17	45	62	0	113	59	53	113	0	104	42	62	104	0
2910008	111	43	68	111	0	111	43	68	111	0	85	26	60	85	0	119	34	85	119	0	119	34	85	119	0	111	26	85	111	0	94	17	77	94	0	102	26	77	102	0	85	0	85	85	0
2910057	136	93	43	114	22	119	81	38	94	25	115	82	33	91	25	115	83	32	86	30	123	87	36	95	27	108	76	32	79	29	74	29	46	55	20	122	67	55	97	25	146	76	71	113	33
2910107	95	63	32	95	0	95	40	56	95	0	95	40	56	95	0	135	63	71	135	0	159	40	119	159	0	175	48	127	175	0	286	175	111	286	0	182	87	95	182	0	143	63	79	143	0
2910206	190	119	71	190	0	166	71	95	166	0	166	71	95	166	0	214	142	71	214	0	237	142	95	237	0	214	119	95	214	0	427	356	71	427	0	214	95	119	214	0	190	71	119	190	0
2910305	83	24	59	83	0	95	47	47	95	0	95	47	47	95	0	83	35	47	83	0	71	24	47	71	0	59	12	47	59	0	461	414	47	461	0	142	47	95	142	0	118	24	95	118	0
2910404	103	31	72	103	0	108	52	57	108	0	114	52	62	114	0	114	41	72	114	0	139	62	77	139	0	119	41	77	119	0	697	630	67	697	0	134	62	72	134	0	134	62	72	134	0
2910503	160	116	44	141	19	104	53	51	90	14	113	56	58	99	14	127	60	67	113	14	109	42	67	97	12	123	53	69	109	14	104	14	90	95	9	134	53	81	125	9	125	60	65	116	9
2910602	95	55	40	85	11	98	50	48	87	11	114	55	58	106	8	116	63	53	108	8	116	50	66	108	8	100	40	61	95	5	63	13	50	58	5	116	48	69	111	5	103	34	69	98	5
2910701	71	44	27	68	3	73	39	34	65	8	86	40	45	79	6	89	39	50	82	6	137	69	68	129	8	128	60	68	126	2	1339	1268	71	1337	2	160	89	71	150	10	149	61	87	140	8
2910727	168	110	58	142	26	189	118	71	158	31	198	119	79	168	29	207	128	80	179	29	229	137	92	197	32	227	125	102	193	34	148	43	106	107	42	259	141	118	213	47	282	154	128	232	49
2910750	76	33	43	76	0	70	27	43	70	0	76	38	38	76	0	92	33	60	92	0	92	22	70	92	0	87	11	76	87	0	81	5	76	81	0	87	16	70	76	11	141	38	103	136	5
2910776	118	68	51	118	0	84	51	34	84	0	101	51	51	101	0	101	51	51	101	0	84	51	34	84	0	135	51	84	135	0	135	68	68	135	0	152	68	84	152	0	135	51	84	135	0
2910800	189	113	76	180	9	201	116	85	191	10	213	122	91	199	13	233	132	101	216	16	244	136	108	225	19	256	140	116	235	21	146	21	124	121	25	277	152	125	251	26	307	163	144	280	27
2910859	93	35	58	93	0	76	29	47	76	0	116	17	99	116	0	111	47	64	111	0	122	58	64	122	0	111	35	76	111	0	169	93	76	169	0	192	105	87	192	0	151	70	82	151	0
2910909	34	0	34	34	0	52	0	52	52	0	34	0	34	34	0	69	17	52	69	0	137	69	69	137	0	86	17	69	86	0	86	52	34	86	0	86	34	52	86	0	69	34	34	69	0
2911006	160	80	80	160	0	151	62	89	151	0	133	44	89	133	0	133	53	80	125	9	133	62	71	133	0	116	36	80	116	0	116	36	80	116	0	107	27	80	107	0	116	36	80	116	0
2911105	46	23	23	46	0	62	27	35	62	0	85	31	54	85	0	96	35	62	96	0	104	39	66	104	0	104	35	69	104	0	93	31	62	93	0	112	35	77	112	0	85	15	69	85	0
2911204	111	72	39	102	9	123	69	54	108	15	138	84	54	108	30	129	66	63	90	39	150	72	78	114	36	156	69	87	117	39	144	69	75	93	51	181	96	84	126	54	181	105	75	117	63
2911253	127	63	63	127	0	106	85	21	106	0	85	42	42	85	0	127	63	63	127	0	63	42	21	63	0	106	63	42	106	0	254	212	42	254	0	169	63	106	169	0	127	21	106	127	0
2911303	52	34	17	52	0	95	43	52	95	0	86	34	52	86	0	86	26	60	86	0	103	43	60	103	0	112	43	69	112	0	112	52	60	112	0	95	43	52	95	0	95	34	60	95	0
2911402	76	38	38	76	0	88	44	44	88	0	95	51	44	95	0	114	69	44	114	0	158	95	63	158	0	101	57	44	101	0	802	758	44	802	0	82	44	38	82	0	88	51	38	88	0
2911501	140	64	76	140	0	178	89	89	178	0	204	89	115	204	0	191	76	115	191	0	229	102	127	229	0	268	127	140	268	0	331	204	127	331	0	217	115	102	217	0	166	76	89	166	0
2911600	98	51	47	84	14	79	42	37	65	14	102	51	51	88	14	107	56	51	98	9	121	56	65	107	14	126	56	70	116	9	79	19	60	70	9	135	65	70	121	14	135	60	74	121	14
2911659	111	37	74	111	0	136	49	87	136	0	124	37	87	124	0	148	62	87	148	0	136	62	74	136	0	148	62	87	148	0	272	173	99	272	0	173	74	99	173	0	186	87	99	186	0
2911709	196	126	70	165	31	196	105	91	179	17	242	122	120	222	20	263	130	132	240	23	275	145	130	249	26	293	147	145	265	28	205	33	172	172	33	381	187	195	344	37	408	204	204	379	29
2911808	95	41	54	95	0	126	59	68	126	0	113	45	68	113	0	104	41	63	104	0	140	81	59	140	0	149	86	63	149	0	99	36	63	99	0	117	50	68	117	0	117	27	90	117	0
2911857	44	22	22	44	0	58	29	29	58	0	73	29	44	73	0	66	15	51	66	0	66	22	44	66	0	66	15	51	66	0	73	22	51	73	0	80	29	51	80	0	73	29	44	73	0
2911907	116	58	58	116	0	124	58	66	124	0	127	66	62	124	4	120	50	70	112	8	135	62	73	131	4	127	50	77	124	4	81	23	58	77	4	120	54	66	112	8	131	70	62	124	8
2912004	88	29	59	88	0	88	29	59	88	0	79	29	49	79	0	147	49	98	137	10	147	49	98	137	10	137	39	98	118	20	167	69	98	157	10	128	59	69	128	0	167	39	128	167	0
2912103	145	55	89	145	0	128	43	85	128	0	149	47	102	149	0	153	38	115	153	0	145	34	111	145	0	153	43	111	153	0	115	9	106	115	0	157	43	115	157	0	162	51	111	162	0
2912202	81	30	51	81	0	81	35	45	81	0	86	25	61	81	5	96	40	56	96	0	111	45	66	106	5	106	45	61	101	5	56	10	45	51	5	116	35	81	111	5	106	35	71	101	5
2912301	113	54	60	107	6	89	36	54	83	6	107	36	71	101	6	77	24	54	77	0	89	24	65	89	0	113	48	65	95	18	137	60	77	119	18	161	54	107	143	18	167	54	113	149	18
2912400	59	21	37	59	0	70	16	54	70	0	96	27	70	96	0	102	27	75	102	0	112	37	75	112	0	107	32	75	107	0	96	27	70	96	0	64	21	43	64	0	107	27	80	91	16
2912509	58	6	52	58	0	65	19	45	58	6	71	26	45	71	0	84	26	58	84	0	78	32	45	78	0	65	26	39	65	0	104	58	45	97	6	65	26	39	58	6	110	32	78	104	6
2912608	24	0	24	24	0	24	0	24	24	0	95	24	71	95	0	95	24	71	95	0	95	24	71	95	0	95	24	71	95	0	285	214	71	285	0	214	71	142	214	0	119	24	95	119	0
2912707	70	21	49	70	0	66	21	45	66	0	78	29	49	78	0	74	25	49	74	0	78	21	58	78	0	78	29	49	78	0	66	12	54	62	4	86	37	49	82	4	91	37	54	91	0
2912806	102	45	56	102	0	102	45	56	102	0	113	56	56	113	0	124	56	68	124	0	113	56	56	113	0	124	56	68	124	0	294	226	68	294	0	147	79	68	147	0	136	68	68	136	0
2912905	151	81	70	151	0	105	41	64	105	0	122	52	70	122	0	139	52	87	139	0	163	58	105	163	0	168	75	93	168	0	145	35	110	145	0	157	64	93	157	0	128	52	75	128	0
2913002	89	36	53	89	0	95	36	59	95	0	71	30	42	71	0	101	42	59	101	0	71	36	36	71	0	89	53	36	89	0	83	30	53	83	0	89	30	59	89	0	89	36	53	89	0
2913101	39	17	22	33	6	39	11	28	33	6	45	11	33	39	6	50	11	39	45	6	61	22	39	56	6	84	22	61	84	0	106	50	56	106	0	95	33	61	95	0	95	39	56	89	6
2913200	147	75	72	136	11	154	83	72	147	7	176	79	97	169	7	169	65	104	165	4	172	68	104	169	4	183	68	115	176	7	172	57	115	154	18	219	79	140	179	39	212	75	136	190	22
2913309	109	78	31	109	0	78	62	16	78	0	78	16	62	78	0	155	78	78	155	0	186	109	78	186	0	217	140	78	217	0	3340	3247	93	3340	0	202	93	109	202	0	171	78	93	171	0
2913408	104	55	49	104	0	98	43	55	98	0	92	43	49	92	0	117	55	61	117	0	98	43	55	98	0	80	37	43	80	0	147	80	68	147	0	104	25	80	104	0	123	25	98	123	0
2913457	106	56	49	106	0	56	21	35	56	0	56	28	28	56	0	113	49	63	113	0	169	85	85	169	0	127	42	85	127	0	134	49	85	134	0	148	49	99	148	0	162	56	106	162	0
2913507	54	21	32	54	0	57	25	32	57	0	64	36	29	64	0	86	36	50	86	0	82	39	43	82	0	82	43	39	82	0	172	129	43	172	0	79	39	39	79	0	82	36	47	82	0
2913606	201	117	83	176	25	212	120	92	187	26	238	123	115	214	24	248	129	119	222	26	266	136	130	238	28	244	129	115	214	30	165	46	119	132	33	293	155	138	255	38	290	153	137	242	48
2913705	54	15	40	54	0	67	25	42	67	0	59	22	37	57	2	87	44	42	84	2	89	47	42	87	2	82	40	42	82	0	44	5	40	44	0	96	49	47	96	0	109	44	64	109	0
2913804	90	45	45	90	0	84	32	52	84	0	97	52	45	97	0	103	52	52	103	0	97	52	45	97	0	90	32	58	90	0	77	19	58	77	0	90	39	52	90	0	97	32	65	97	0
2913903	145	69	75	132	13	147	69	78	136	10	136	65	71	126	10	147	63	84	138	8	168	82	86	155	13	157	73	84	143	15	111	25	86	96	15	228	111	117	201	27	247	124	124	216	31
2914000	77	49	27	70	6	78	49	29	72	6	78	45	34	73	5	91	53	38	85	6	97	56	42	89	8	101	61	40	91	10	62	21	42	51	11	107	51	56	94	13	88	35	53	77	11
2914109	118	49	69	118	0	118	30	89	118	0	108	30	79	108	0	138	39	98	138	0	148	39	108	148	0	128	39	89	128	0	148	39	108	148	0	118	30	89	118	0	128	30	98	128	0
2914208	120	40	80	120	0	160	80	80	160	0	146	40	106	146	0	93	27	66	93	0	120	40	80	120	0	93	27	66	93	0	1742	1662	80	1742	0	120	27	93	120	0	106	13	93	106	0
2914307	151	81	71	151	0	151	71	81	151	0	131	50	81	131	0	131	50	81	131	0	192	91	101	192	0	141	61	81	141	0	202	121	81	202	0	162	71	91	162	0	141	61	81	141	0
2914406	82	35	47	82	0	86	39	47	86	0	67	43	23	67	0	59	27	31	59	0	59	35	23	59	0	47	27	20	47	0	125	110	16	125	0	70	43	27	70	0	78	55	23	74	4
2914505	64	37	27	64	0	57	27	30	57	0	50	20	30	50	0	84	44	40	80	3	67	30	37	67	0	90	44	47	80	10	1168	1148	20	1155	13	107	37	70	100	7	97	37	60	84	13
2914604	196	107	89	185	11	209	113	97	195	15	223	111	111	213	9	295	144	152	279	16	316	173	142	303	12	313	185	128	302	11	146	26	121	136	11	353	200	153	342	11	362	203	160	346	16
2914653	102	38	64	95	6	83	25	57	80	3	102	32	70	99	3	102	35	67	95	6	134	45	89	127	6	153	57	95	146	6	115	16	99	111	3	127	38	89	124	3	137	45	92	127	10
2914703	109	57	52	99	10	87	34	52	84	3	87	34	52	82	4	97	43	54	91	6	126	66	60	118	7	127	72	55	105	22	106	24	82	81	25	148	69	79	123	25	144	64	79	118	25
2914802	257	139	119	238	19	261	147	114	240	21	272	148	124	253	19	295	154	140	276	19	311	167	144	291	20	325	176	150	299	26	184	21	162	154	29	335	175	160	304	31	357	185	171	324	33
2914901	74	32	42	70	4	74	25	49	70	4	74	25	49	70	4	102	42	60	99	4	109	39	70	106	4	109	39	70	106	4	70	4	67	70	0	113	53	60	99	14	141	74	67	130	11
2915007	78	30	48	78	0	60	6	54	60	0	72	30	42	72	0	109	48	60	109	0	121	66	54	121	0	109	54	54	109	0	121	60	60	121	0	96	36	60	96	0	90	12	78	90	0
2915106	136	68	68	136	0	83	30	53	83	0	83	23	61	76	8	136	45	91	136	0	129	45	83	129	0	98	38	61	98	0	91	30	61	91	0	121	53	68	121	0	114	23	91	114	0
2915205	64	13	51	64	0	71	26	45	71	0	90	32	58	90	0	116	32	83	116	0	116	39	77	116	0	96	32	64	96	0	103	45	58	103	0	90	32	58	90	0	116	39	77	116	0
2915304	69	14	55	69	0	110	41	69	110	0	96	27	69	96	0	96	27	69	96	0	137	55	82	137	0	123	55	69	123	0	617	562	55	617	0	69	14	55	69	0	96	41	55	96	0
2915353	54	20	34	54	0	48	14	34	48	0	54	27	27	54	0	88	41	48	88	0	95	41	54	95	0	102	54	48	102	0	68	20	48	68	0	95	34	61	95	0	109	41	68	109	0
2915403	97	28	69	97	0	83	0	83	83	0	97	14	83	97	0	83	14	69	83	0	139	55	83	139	0	111	42	69	111	0	208	125	83	208	0	139	55	83	139	0	139	42	97	139	0
2915502	83	46	37	83	0	65	28	37	65	0	69	32	37	69	0	42	9	32	42	0	74	23	51	74	0	88	32	55	88	0	60	5	55	60	0	83	23	60	83	0	102	18	83	102	0
2915601	108	50	58	99	9	154	62	92	140	15	159	61	98	144	15	169	62	107	147	22	171	71	99	150	21	177	71	105	163	13	137	27	110	119	18	174	74	99	151	22	171	70	101	153	18
2915700	106	24	83	106	0	153	71	83	153	0	142	59	83	142	0	165	71	94	165	0	165	59	106	165	0	130	24	106	130	0	342	212	130	342	0	177	83	94	177	0	71	12	59	71	0
2915809	92	36	56	92	0	104	48	56	104	0	108	48	60	108	0	88	32	56	88	0	104	44	60	104	0	112	44	68	112	0	76	16	60	76	0	129	48	80	129	0	137	52	84	137	0
2915908	89	30	59	89	0	89	30	59	89	0	104	30	74	104	0	134	30	104	134	0	134	15	119	134	0	149	45	104	149	0	193	134	59	193	0	149	59	89	149	0	163	59	104	163	0
2916005	141	63	78	137	5	141	59	83	132	10	161	59	102	151	10	156	54	102	146	10	161	44	117	151	10	171	59	112	161	10	312	224	88	302	10	151	73	78	141	10	137	59	78	127	10
2916104	140	57	83	140	0	179	70	109	179	0	153	52	101	153	0	171	66	105	171	0	201	92	109	197	4	162	70	92	157	4	214	87	127	210	4	166	79	87	153	13	219	118	101	206	13
2916203	122	41	81	122	0	132	31	102	132	0	142	31	112	142	0	163	41	122	163	0	122	31	92	122	0	153	51	102	153	0	142	20	122	142	0	173	41	132	173	0	153	20	132	153	0
2916302	83	18	65	83	0	111	37	74	111	0	102	28	74	102	0	157	65	92	157	0	166	55	111	166	0	157	65	92	157	0	166	65	102	166	0	185	74	111	185	0	148	37	111	148	0
2916401	115	72	43	101	14	134	79	55	107	27	133	77	55	107	26	148	84	64	117	31	156	86	70	123	34	157	85	72	121	36	117	41	76	83	35	175	97	79	141	35	191	94	97	163	28
2916500	69	39	30	69	0	75	36	39	75	0	97	55	41	97	0	102	52	50	102	0	110	58	52	110	0	102	52	50	102	0	83	25	58	83	0	97	44	52	97	0	133	58	75	133	0
2916609	83	28	56	83	0	65	19	46	65	0	46	0	46	46	0	46	0	46	46	0	83	19	65	83	0	83	19	65	83	0	111	46	65	111	0	102	28	74	102	0	111	28	83	111	0
2916708	116	70	47	116	0	105	47	58	105	0	151	93	58	151	0	140	58	81	140	0	151	70	81	151	0	163	93	70	163	0	233	151	81	233	0	140	47	93	140	0	140	35	105	140	0
2916807	64	20	44	64	0	74	25	49	74	0	69	30	39	64	5	79	25	54	74	5	89	30	59	84	5	108	34	74	103	5	98	25	74	94	5	128	54	74	123	5	118	39	79	108	10
2916856	74	20	53	74	0	94	33	60	87	7	114	47	67	107	7	127	40	87	120	7	160	60	100	154	7	160	67	94	160	0	160	60	100	160	0	160	53	107	160	0	174	67	107	174	0
2916906	106	45	60	106	0	91	38	53	91	0	75	30	45	75	0	75	23	53	75	0	91	38	53	91	0	113	53	60	113	0	143	60	83	143	0	98	30	68	98	0	83	15	68	83	0
2917003	40	16	24	40	0	27	8	19	27	0	29	16	13	29	0	48	37	11	48	0	51	29	21	48	3	61	43	19	59	3	19	16	3	16	3	72	45	27	69	3	53	29	24	51	3
2917102	89	28	61	89	0	104	33	71	94	9	75	28	47	71	5	94	33	61	89	5	94	33	61	85	9	94	33	61	85	9	108	28	80	104	5	80	28	52	75	5	104	42	61	99	5
2917201	117	46	72	117	0	128	51	77	128	0	112	46	66	112	0	107	41	66	107	0	112	51	61	112	0	107	41	66	107	0	97	26	72	97	0	128	61	66	128	0	148	51	97	143	5
2917300	58	24	34	54	3	65	27	37	65	0	61	27	34	61	0	71	31	41	68	3	68	27	41	65	3	85	41	44	85	0	180	133	48	167	14	92	37	54	78	14	78	27	51	61	17
2917334	44	0	44	44	0	61	18	44	61	0	44	0	44	44	0	70	18	53	70	0	70	26	44	70	0	105	35	70	105	0	202	158	44	202	0	132	61	70	132	0	114	44	70	114	0
2917359	121	55	66	121	0	121	55	66	121	0	199	66	133	199	0	232	66	166	232	0	254	66	188	254	0	232	66	166	232	0	331	166	166	331	0	232	66	166	232	0	155	33	121	155	0
2917409	110	32	78	110	0	129	39	91	129	0	110	32	78	110	0	136	39	97	136	0	110	26	84	110	0	116	19	97	116	0	123	26	97	123	0	136	39	97	136	0	136	32	103	136	0
2917508	94	66	29	72	23	105	69	36	80	25	98	66	32	71	28	142	87	55	110	32	170	97	73	139	31	172	91	81	123	49	123	48	75	72	51	177	96	81	124	53	197	106	91	143	54
2917607	75	37	37	64	11	73	32	41	64	9	80	32	48	71	9	105	43	62	95	11	114	45	70	104	11	109	41	68	93	16	330	257	73	314	16	121	46	75	105	16	136	48	87	120	16
2917706	70	32	38	70	0	46	20	26	35	12	52	26	26	41	12	58	32	26	46	12	81	43	38	70	12	67	35	32	55	12	96	61	35	84	12	81	41	41	70	12	81	46	35	70	12
2917805	58	26	32	58	0	74	21	53	74	0	63	11	53	63	0	63	21	42	63	0	63	21	42	63	0	58	21	37	58	0	68	32	37	68	0	68	26	42	68	0	79	32	47	79	0
2917904	45	18	27	45	0	45	18	27	45	0	54	27	27	54	0	63	36	27	63	0	63	36	27	63	0	63	36	27	63	0	72	45	27	72	0	54	27	27	54	0	54	27	27	54	0
2918001	185	91	94	174	11	191	88	104	179	12	190	89	102	177	14	213	100	113	197	17	248	111	137	227	22	242	100	141	208	34	195	39	156	149	46	322	133	189	280	42	341	143	198	301	40
2918100	94	67	26	82	12	84	46	38	72	12	84	43	41	77	7	118	53	65	111	7	135	60	75	127	7	137	58	79	132	5	856	757	99	853	2	135	46	89	135	0	144	36	108	139	5
2918209	86	46	40	79	7	66	26	40	60	7	46	20	26	40	7	66	33	33	60	7	79	40	40	73	7	99	46	53	99	0	79	26	53	79	0	113	40	73	113	0	139	60	79	139	0
2918308	71	8	63	71	0	102	24	79	102	0	102	16	87	102	0	126	16	110	126	0	150	24	126	150	0	134	16	118	134	0	134	39	95	134	0	118	16	102	118	0	118	8	110	118	0
2918357	47	19	27	47	0	47	12	35	47	0	35	0	35	35	0	39	12	27	39	0	47	16	31	47	0	47	16	31	47	0	47	12	35	43	4	62	16	47	62	0	51	12	39	51	0
2918407	194	134	60	181	13	204	132	72	194	9	235	149	87	224	12	262	163	98	251	11	289	172	117	279	10	277	165	112	265	13	158	37	120	122	36	325	202	122	265	60	350	217	133	285	65
2918456	181	91	91	181	0	111	40	71	111	0	131	60	71	131	0	181	60	121	181	0	181	60	121	181	0	171	60	111	171	0	121	30	91	121	0	141	40	101	141	0	131	40	91	131	0
2918506	56	12	44	56	0	31	6	25	31	0	56	6	50	56	0	56	12	44	56	0	62	19	44	62	0	94	37	56	94	0	100	25	75	100	0	94	25	69	94	0	100	25	75	100	0
2918555	112	32	80	112	0	96	0	96	96	0	80	16	64	80	0	127	32	96	127	0	143	64	80	143	0	143	16	127	143	0	335	223	112	335	0	143	32	112	143	0	191	64	127	191	0
2918605	198	99	99	198	0	226	113	113	226	0	184	71	113	170	14	156	71	85	156	0	184	85	99	184	0	198	85	113	198	0	184	57	127	184	0	184	42	142	184	0	226	85	142	226	0
2918704	75	0	75	75	0	101	0	101	101	0	151	25	126	151	0	226	50	176	226	0	226	50	176	226	0	226	50	176	226	0	201	0	201	201	0	201	50	151	201	0	201	25	176	201	0
2918753	62	19	44	62	0	94	37	56	94	0	87	44	44	87	0	56	25	31	56	0	62	31	31	62	0	69	31	37	69	0	62	25	37	62	0	62	12	50	62	0	75	12	62	75	0
2918803	103	62	41	99	4	86	41	45	82	4	95	53	41	91	4	95	41	53	91	4	123	45	78	119	4	103	41	62	99	4	66	16	49	62	4	136	66	70	132	4	148	58	91	144	4
2918902	98	25	74	98	0	246	49	197	246	0	270	74	197	270	0	369	74	295	369	0	320	74	246	320	0	320	74	246	320	0	565	270	295	565	0	344	74	270	344	0	344	49	295	344	0
2919009	50	25	25	50	0	100	50	50	100	0	50	25	25	50	0	50	25	25	50	0	75	50	25	75	0	0	0	0	0	0	6323	6323	0	6323	0	25	0	25	25	0	0	0	0	0	0
2919058	90	23	68	90	0	45	11	34	45	0	23	0	23	23	0	23	0	23	23	0	90	34	56	90	0	113	34	79	113	0	113	45	68	113	0	113	23	90	113	0	124	11	113	124	0
2919108	67	11	56	67	0	78	11	67	78	0	89	22	67	89	0	89	22	67	89	0	89	33	56	89	0	100	33	67	100	0	111	33	78	111	0	111	44	67	111	0	89	0	89	89	0
2919157	57	14	42	57	0	53	11	42	53	0	67	14	53	67	0	74	11	64	74	0	106	39	67	106	0	99	28	71	99	0	159	78	81	159	0	96	28	67	96	0	85	21	64	85	0
2919207	313	252	61	197	116	287	227	61	173	114	285	217	68	190	95	300	230	69	198	101	304	230	74	201	103	305	234	71	188	117	222	143	79	99	123	331	242	89	202	129	340	239	100	209	131
2919306	95	43	52	95	0	77	26	52	77	0	69	34	34	69	0	77	34	43	77	0	77	34	43	77	0	95	26	69	95	0	120	60	60	120	0	112	52	60	112	0	163	34	129	163	0
2919405	100	46	54	100	0	108	39	69	108	0	116	39	77	108	8	108	31	77	100	8	139	39	100	131	8	100	23	77	100	0	116	23	93	116	0	108	15	93	108	0	108	23	85	108	0
2919504	90	36	53	71	19	109	39	71	90	19	118	45	73	96	21	122	47	75	98	24	135	60	75	109	26	131	62	68	105	26	139	66	73	113	26	156	53	103	128	28	163	45	118	135	28
2919553	66	41	25	54	12	62	41	22	47	16	75	48	28	59	17	91	57	34	72	19	103	60	43	89	14	115	66	49	98	17	81	22	60	67	14	140	75	65	117	23	150	77	73	128	22
2919603	67	25	42	67	0	76	34	42	76	0	101	59	42	101	0	93	42	51	93	0	118	51	67	118	0	84	34	51	84	0	354	295	59	354	0	93	42	51	93	0	93	42	51	93	0
2919702	58	21	37	58	0	58	21	37	58	0	78	21	58	78	0	63	16	47	63	0	78	10	68	78	0	94	16	78	94	0	120	42	78	120	0	105	26	78	105	0	126	37	89	126	0
2919801	80	49	31	78	2	63	31	31	61	2	82	37	45	80	2	100	45	55	96	4	116	57	59	112	4	118	53	65	114	4	75	8	67	73	2	124	53	71	124	0	133	43	90	133	0
2919900	85	24	60	85	0	121	73	48	121	0	121	60	60	121	0	121	60	60	121	0	145	85	60	145	0	121	60	60	121	0	181	97	85	181	0	169	85	85	169	0	133	36	97	133	0
2919926	262	148	114	257	5	290	157	133	290	0	295	162	133	295	0	271	157	114	267	5	333	200	133	328	5	362	219	143	357	5	129	19	109	124	5	248	138	109	238	10	200	90	109	190	10
2919959	269	112	157	269	0	247	90	157	247	0	314	157	157	314	0	471	269	202	426	45	516	292	224	471	45	426	202	224	404	22	314	67	247	292	22	382	112	269	382	0	471	202	269	471	0
2920007	19	0	19	19	0	19	0	19	19	0	29	0	29	29	0	97	29	68	97	0	117	39	78	117	0	107	39	68	107	0	107	39	68	107	0	97	29	68	97	0	97	29	68	97	0
2920106	147	71	76	142	5	142	61	81	137	5	127	41	86	122	5	142	46	96	137	5	168	46	122	162	5	168	51	117	162	5	147	30	117	142	5	183	56	127	178	5	208	66	142	203	5
2920205	63	23	40	63	0	68	29	40	68	0	17	0	17	17	0	46	6	40	46	0	57	29	29	57	0	68	29	40	68	0	86	46	40	86	0	86	34	51	86	0	63	6	57	63	0
2920304	56	23	34	56	0	68	23	45	68	0	90	34	56	90	0	79	23	56	79	0	56	11	45	56	0	56	11	45	56	0	192	147	45	192	0	68	0	68	68	0	90	23	68	90	0
2920403	105	28	77	105	0	112	28	84	112	0	126	42	84	126	0	133	28	105	133	0	147	28	119	147	0	126	14	112	126	0	147	56	91	147	0	126	14	112	126	0	119	7	112	119	0
2920452	29	7	21	29	0	21	7	14	21	0	14	14	0	14	0	36	36	0	36	0	29	29	0	29	0	36	29	7	36	0	29	7	21	29	0	79	36	43	79	0	79	36	43	79	0
2920502	78	9	70	78	0	96	26	70	96	0	83	17	65	83	0	91	26	65	91	0	91	30	61	91	0	91	35	56	91	0	87	22	65	87	0	122	35	87	122	0	135	30	104	130	4
2920601	76	43	32	76	0	65	26	39	65	0	58	24	35	58	0	61	24	37	58	2	84	35	50	82	2	78	32	45	76	2	123	76	48	121	2	67	24	43	65	2	76	28	48	76	0
2920700	80	33	47	80	0	89	38	52	89	0	84	23	61	84	0	103	38	66	103	0	94	33	61	94	0	99	42	56	99	0	84	19	66	84	0	99	33	66	99	0	94	23	70	94	0
2920809	91	37	55	91	0	55	9	46	55	0	64	18	46	64	0	55	18	37	55	0	91	27	64	91	0	73	9	64	73	0	238	183	55	238	0	46	18	27	46	0	55	27	27	55	0
2920908	48	14	34	48	0	68	14	54	68	0	54	7	48	54	0	41	7	34	41	0	54	20	34	54	0	81	34	48	81	0	143	81	61	143	0	122	34	88	122	0	115	20	95	115	0
2921005	134	91	43	126	9	147	98	49	130	17	151	102	49	119	32	155	111	45	128	28	153	104	49	132	21	162	98	64	147	15	64	13	51	55	9	121	64	57	113	9	134	66	68	126	9
2921054	88	32	56	88	0	88	48	40	88	0	56	24	32	56	0	80	24	56	80	0	96	40	56	96	0	72	24	48	72	0	72	24	48	72	0	88	24	64	88	0	104	24	80	104	0
2921104	174	106	68	174	0	144	64	81	144	0	110	34	76	110	0	153	68	85	153	0	170	81	89	170	0	157	68	89	157	0	89	13	76	89	0	161	72	89	161	0	157	72	85	157	0
2921203	102	58	44	98	4	80	29	51	76	4	87	36	51	84	4	84	33	51	76	7	116	55	62	109	7	109	40	69	109	0	153	80	73	145	7	156	62	94	149	7	153	47	105	142	11
2921302	60	17	43	60	0	86	43	43	86	0	78	35	43	78	0	95	52	43	95	0	112	52	60	112	0	86	35	52	86	0	78	35	43	78	0	95	35	60	95	0	112	26	86	112	0
2921401	53	16	37	53	0	53	16	37	53	0	43	16	27	43	0	59	16	43	59	0	64	21	43	64	0	64	21	43	64	0	160	107	53	160	0	75	21	53	75	0	80	32	48	80	0
2921450	73	10	63	73	0	94	31	63	94	0	94	31	63	94	0	94	21	73	94	0	94	31	63	94	0	104	42	63	104	0	125	73	52	125	0	94	31	63	94	0	125	52	73	115	10
2921500	56	23	33	56	0	44	15	29	44	0	37	12	25	37	0	54	25	29	54	0	56	23	33	56	0	58	25	33	58	0	50	8	42	50	0	75	46	29	75	0	62	23	38	62	0
2921609	56	11	45	56	0	56	11	45	56	0	56	11	45	56	0	56	22	34	56	0	112	34	78	112	0	134	45	89	134	0	402	302	101	402	0	101	45	56	101	0	179	56	123	179	0
2921708	84	35	49	84	0	106	49	57	106	0	103	33	71	103	0	103	24	79	103	0	141	60	81	141	0	141	49	92	141	0	100	14	87	100	0	144	71	73	144	0	155	62	92	155	0
2921807	112	64	48	104	8	136	72	64	120	16	136	72	64	120	16	144	80	64	128	16	144	72	72	128	16	152	56	96	152	0	168	72	96	168	0	176	64	112	160	16	184	64	120	168	16
2921906	141	70	70	141	0	110	40	70	110	0	70	30	40	70	0	121	20	100	121	0	151	50	100	151	0	141	20	121	141	0	131	40	90	131	0	241	60	181	241	0	181	50	131	181	0
2922003	159	116	43	102	57	107	83	24	78	29	97	69	29	74	24	126	86	40	102	24	124	83	40	100	24	126	86	40	105	21	81	29	52	59	21	190	124	67	171	19	195	114	81	178	17
2922052	67	25	42	67	0	50	17	33	50	0	50	17	33	50	0	75	17	58	75	0	83	8	75	83	0	100	25	75	100	0	184	108	75	184	0	92	25	67	92	0	100	33	67	100	0
2922102	55	22	33	55	0	51	18	33	51	0	48	18	29	48	0	69	37	33	69	0	73	37	37	73	0	66	33	33	66	0	66	26	40	66	0	77	33	44	77	0	55	22	33	55	0
2922201	91	26	65	91	0	91	39	52	91	0	143	39	104	143	0	143	65	78	143	0	169	91	78	169	0	156	91	65	156	0	300	221	78	300	0	156	65	91	156	0	130	52	78	130	0
2922250	52	0	52	52	0	52	0	52	52	0	60	9	52	60	0	69	17	52	69	0	86	17	69	86	0	77	9	69	77	0	112	43	69	112	0	86	17	69	86	0	77	9	69	77	0
2922300	104	65	39	95	10	95	49	46	88	7	88	36	52	82	7	111	46	65	101	10	140	65	75	127	13	127	62	65	114	13	101	36	65	88	13	137	55	82	124	13	137	42	95	127	10
2922409	87	52	35	57	30	83	48	35	65	17	91	35	57	74	17	96	48	48	83	13	122	57	65	109	13	126	65	61	117	9	126	52	74	117	9	113	35	78	100	13	135	61	74	109	26
2922508	102	61	41	95	7	98	54	44	85	14	102	58	44	91	10	102	47	54	91	10	135	74	61	125	10	146	74	71	135	10	88	17	71	78	10	190	85	105	176	14	190	71	118	176	14
2922607	70	28	42	70	0	70	28	42	70	0	70	28	42	70	0	84	28	56	84	0	84	28	56	84	0	97	28	70	97	0	70	7	63	70	0	111	28	84	111	0	97	28	70	97	0
2922656	59	15	44	59	0	59	22	37	59	0	66	29	37	66	0	59	22	37	59	0	88	37	51	88	0	118	37	81	118	0	118	29	88	118	0	118	29	88	118	0	125	44	81	125	0
2922706	93	47	47	93	0	76	29	47	76	0	82	29	53	82	0	70	18	53	70	0	105	35	70	105	0	105	41	64	105	0	82	18	64	82	0	123	41	82	123	0	117	35	82	117	0
2922730	74	12	62	74	0	86	12	74	86	0	148	0	148	148	0	99	12	86	99	0	123	37	86	123	0	148	49	99	135	12	172	86	86	160	12	160	62	99	123	37	197	37	160	160	37
2922755	72	29	43	72	0	72	14	57	72	0	86	14	72	86	0	115	43	72	115	0	115	29	86	115	0	115	29	86	115	0	472	386	86	472	0	115	14	100	115	0	129	14	115	129	0
2922805	47	12	36	47	0	83	24	59	83	0	71	24	47	71	0	83	24	59	83	0	107	47	59	107	0	107	47	59	107	0	71	24	47	71	0	95	36	59	95	0	71	36	36	71	0
2922854	32	11	21	32	0	63	32	32	63	0	32	0	32	32	0	63	21	42	63	0	84	32	53	84	0	74	21	53	74	0	105	63	42	105	0	84	42	42	84	0	95	42	53	95	0
2922904	55	31	24	55	0	63	24	39	63	0	51	12	39	51	0	71	35	35	67	4	71	35	35	67	4	86	39	47	86	0	82	47	35	79	4	110	43	67	106	4	114	35	79	110	4
2923001	123	82	41	118	5	118	73	45	116	2	127	86	41	123	5	118	77	41	111	7	114	70	43	107	7	114	66	48	111	2	57	14	43	57	0	111	50	61	111	0	111	50	61	109	2
2923035	48	16	32	48	0	80	24	56	80	0	56	16	40	56	0	80	24	56	80	0	80	16	64	80	0	64	16	48	64	0	64	24	40	64	0	80	32	48	80	0	88	32	56	88	0
2923050	25	0	25	25	0	56	25	31	56	0	56	25	31	56	0	50	25	25	50	0	62	31	31	62	0	62	31	31	62	0	106	75	31	106	0	56	25	31	56	0	62	25	37	62	0
2923100	48	7	41	48	0	55	24	31	55	0	68	21	48	68	0	89	38	51	86	3	92	44	48	89	3	82	34	48	79	3	68	24	44	65	3	82	27	55	79	3	75	27	48	72	3
2923209	35	4	31	35	0	48	13	35	48	0	44	4	39	44	0	53	13	39	53	0	66	22	44	66	0	75	26	48	75	0	83	31	53	79	4	83	31	53	83	0	83	31	53	83	0
2923308	112	56	56	112	0	123	45	79	123	0	135	56	79	135	0	101	34	67	101	0	90	22	67	90	0	79	22	56	79	0	247	213	34	247	0	90	45	45	90	0	101	45	56	101	0
2923357	67	17	50	67	0	83	28	55	83	0	83	39	44	83	0	78	22	55	78	0	94	39	55	94	0	128	61	67	128	0	117	44	72	105	11	122	50	72	105	17	100	39	61	83	17
2923407	53	18	35	53	0	58	22	35	58	0	44	4	40	44	0	89	31	58	89	0	93	35	58	93	0	98	35	62	98	0	102	53	49	102	0	80	35	44	80	0	80	31	49	80	0
2923506	65	32	32	65	0	86	32	54	86	0	65	22	43	65	0	119	32	86	119	0	141	65	76	141	0	162	65	97	162	0	151	54	97	151	0	173	97	76	162	11	130	54	76	119	11
2923605	175	76	99	135	40	184	76	108	153	31	188	67	121	166	22	197	58	139	188	9	233	85	148	220	13	247	108	139	215	31	606	444	162	574	31	287	108	179	242	45	274	99	175	229	45
2923704	49	18	30	49	0	46	9	36	46	0	52	18	33	52	0	39	18	21	39	0	61	30	30	61	0	58	24	33	58	0	64	27	36	64	0	82	36	46	82	0	67	15	52	67	0
2923803	70	43	27	47	23	70	40	30	57	13	73	33	40	60	13	73	30	43	60	13	70	27	43	57	13	86	47	40	83	3	43	10	33	43	0	90	40	50	83	7	106	43	63	96	10
2923902	84	19	66	84	0	94	28	66	94	0	103	37	66	103	0	84	19	66	84	0	178	66	112	178	0	178	66	112	178	0	159	56	103	159	0	178	56	122	178	0	150	37	112	150	0
2924009	135	85	50	105	30	153	94	60	120	33	167	99	68	135	32	172	99	73	138	34	181	107	74	143	37	186	111	75	150	36	122	46	76	81	41	202	127	75	161	41	215	131	84	167	48
2924058	91	42	49	91	0	84	21	63	84	0	119	49	70	119	0	112	35	77	112	0	134	56	77	134	0	134	56	77	134	0	119	42	77	119	0	162	63	98	155	7	155	56	98	148	7
2924108	66	27	40	66	0	93	27	66	93	0	106	27	80	106	0	93	13	80	93	0	133	40	93	133	0	120	40	80	120	0	80	40	40	80	0	93	27	66	93	0	120	40	80	120	0
2924207	60	33	27	60	0	66	38	27	66	0	60	33	27	60	0	82	44	38	82	0	82	38	44	82	0	82	33	49	82	0	121	71	49	121	0	93	38	55	93	0	99	27	71	99	0
2924306	82	44	38	82	0	88	38	49	88	0	71	27	44	71	0	82	27	55	82	0	88	33	55	88	0	88	27	60	88	0	71	11	60	71	0	126	60	66	120	5	109	33	77	104	5
2924405	20	8	11	20	0	28	11	17	28	0	28	6	22	28	0	50	20	31	50	0	50	20	31	50	0	48	17	31	48	0	39	8	31	39	0	59	22	36	59	0	53	20	34	53	0
2924504	65	24	41	65	0	65	12	53	65	0	59	24	36	59	0	65	18	47	65	0	65	18	47	65	0	71	18	53	71	0	59	18	41	59	0	71	12	59	71	0	83	6	77	83	0
2924603	90	33	57	90	0	57	28	28	57	0	43	19	24	43	0	85	43	43	85	0	52	33	19	52	0	71	52	19	71	0	52	38	14	52	0	85	47	38	85	0	47	14	33	47	0
2924652	100	45	54	100	0	73	27	45	73	0	82	36	45	82	0	91	27	64	91	0	91	27	64	91	0	109	45	64	100	9	64	27	36	64	0	100	45	54	100	0	82	18	64	82	0
2924678	48	10	38	48	0	38	0	38	38	0	48	10	38	48	0	58	10	48	58	0	86	19	67	86	0	86	19	67	86	0	134	77	58	134	0	77	19	58	77	0	67	0	67	67	0
2924702	110	34	76	110	0	127	42	84	127	0	160	42	118	160	0	135	25	110	135	0	152	25	127	152	0	160	51	110	160	0	304	169	135	304	0	194	51	143	194	0	169	25	143	169	0
2924801	44	12	32	44	0	44	12	32	44	0	44	16	28	44	0	48	16	32	48	0	59	28	32	59	0	52	28	24	52	0	119	95	24	119	0	67	32	36	67	0	79	28	52	79	0
2924900	94	31	63	94	0	94	21	73	94	0	115	31	83	115	0	104	42	63	104	0	104	42	63	104	0	94	21	73	94	0	83	10	73	83	0	83	21	63	83	0	63	10	52	63	0
2925006	82	41	41	82	0	85	37	48	85	0	85	33	52	85	0	119	45	74	119	0	119	45	74	119	0	130	45	85	130	0	424	346	78	424	0	93	26	67	93	0	85	22	63	85	0
2925105	59	33	27	43	16	59	20	39	51	8	74	31	43	65	8	72	25	47	65	6	108	49	59	100	8	117	47	70	106	10	98	23	76	82	16	131	49	82	117	14	123	49	74	106	16
2925204	144	86	58	133	10	156	91	65	144	13	161	91	70	149	13	166	88	78	154	13	171	86	86	156	15	159	76	83	144	15	101	33	68	83	18	181	86	96	166	15	181	81	101	174	8
2925253	63	25	38	63	0	32	13	19	32	0	38	19	19	38	0	44	6	38	44	0	63	13	51	63	0	76	19	57	76	0	101	38	63	101	0	25	13	13	25	0	51	19	32	51	0
2925303	125	56	69	106	19	154	66	88	136	18	146	57	89	135	11	163	63	100	153	10	171	66	104	157	13	172	74	98	158	14	125	23	102	104	20	194	87	106	169	25	202	87	115	177	24
2925402	130	71	59	130	0	119	59	59	119	0	95	36	59	95	0	119	47	71	119	0	95	24	71	95	0	95	24	71	95	0	154	83	71	154	0	119	24	95	119	0	142	36	107	142	0
2925501	106	41	65	99	7	95	34	61	89	7	85	24	61	78	7	85	31	55	78	7	126	41	85	119	7	109	24	85	106	3	95	14	82	92	3	153	55	99	150	3	157	58	99	153	3
2925600	76	25	51	76	0	70	32	38	70	0	57	6	51	57	0	51	13	38	51	0	76	32	44	76	0	76	19	57	76	0	140	70	70	140	0	127	32	95	127	0	108	6	102	108	0
2925709	105	37	67	105	0	135	52	82	135	0	112	30	82	112	0	135	37	97	135	0	135	45	90	127	7	127	37	90	120	7	142	37	105	135	7	157	60	97	150	7	150	37	112	142	7
2925758	46	21	25	46	0	43	14	28	43	0	61	32	28	61	0	78	28	50	78	0	78	36	43	78	0	93	39	53	78	14	89	36	53	75	14	103	43	61	93	11	125	53	71	107	18
2925808	72	30	41	72	0	53	11	41	49	4	60	19	41	56	4	49	11	38	45	4	64	30	34	60	4	72	26	45	68	4	136	94	41	132	4	72	19	53	68	4	87	30	56	83	4
2925907	63	21	42	63	0	59	17	42	59	0	66	14	52	63	3	91	35	56	91	0	87	24	63	87	0	80	21	59	80	0	80	24	56	80	0	101	42	59	101	0	84	31	52	84	0
2925931	96	32	64	96	0	85	21	64	85	0	106	43	64	106	0	74	53	21	74	0	106	53	53	106	0	128	53	74	128	0	138	74	64	138	0	85	21	64	85	0	85	11	74	85	0
2925956	93	34	59	93	0	89	34	55	89	0	59	21	38	59	0	110	30	81	110	0	98	17	81	98	0	115	30	85	115	0	153	64	89	153	0	123	25	98	123	0	140	42	98	140	0
2926004	96	52	45	94	2	80	35	45	77	2	84	42	42	82	2	103	56	47	101	2	110	59	52	108	2	115	61	54	115	0	75	26	49	75	0	136	75	61	122	14	129	61	68	110	19
2926103	68	54	14	68	0	54	41	14	54	0	54	41	14	54	0	68	48	20	68	0	75	48	27	75	0	95	54	41	95	0	48	20	27	48	0	149	81	68	149	0	149	54	95	149	0
2926202	64	9	56	64	0	90	26	64	90	0	77	21	56	77	0	81	21	60	81	0	99	26	73	99	0	107	30	77	107	0	167	103	64	167	0	103	30	73	103	0	86	17	69	86	0
2926301	109	57	52	109	0	83	43	40	80	3	86	37	49	83	3	112	49	63	109	3	149	63	86	147	3	126	52	75	124	3	86	11	75	83	3	144	49	95	129	14	129	34	95	115	14
2926400	55	16	38	55	0	60	14	47	60	0	55	14	41	55	0	74	30	44	74	0	91	33	58	91	0	91	33	58	91	0	69	5	63	69	0	85	25	60	85	0	88	27	60	85	3
2926509	84	26	58	84	0	91	32	58	91	0	84	32	52	84	0	97	32	65	97	0	104	39	65	104	0	136	39	97	136	0	71	19	52	71	0	130	45	84	130	0	142	45	97	142	0
2926608	73	31	42	65	7	84	40	44	78	5	86	44	42	82	4	104	40	64	93	11	118	44	75	109	9	131	53	78	116	15	104	20	84	87	16	151	58	93	142	9	158	51	107	147	11
2926657	108	40	67	108	0	94	27	67	94	0	108	27	81	108	0	94	27	67	94	0	148	67	81	148	0	148	54	94	148	0	229	134	94	229	0	148	40	108	148	0	134	40	94	134	0
2926707	66	15	51	66	0	66	22	44	66	0	51	7	44	51	0	58	7	51	58	0	44	0	44	44	0	58	15	44	58	0	88	36	51	88	0	88	7	80	88	0	109	22	88	109	0
2926806	70	19	51	70	0	57	25	32	57	0	70	25	44	70	0	44	25	19	44	0	82	38	44	82	0	76	32	44	76	0	139	108	32	139	0	82	38	44	82	0	76	19	57	70	6
2926905	91	33	58	91	0	91	33	58	91	0	99	33	66	99	0	91	33	58	91	0	82	33	49	82	0	82	25	58	82	0	74	33	41	74	0	107	41	66	107	0	107	41	66	107	0
2927002	72	29	43	72	0	81	34	48	81	0	79	34	45	79	0	101	38	62	101	0	91	36	55	91	0	86	43	43	86	0	14727	14677	50	14727	0	72	29	43	72	0	98	34	65	98	0
2927101	64	21	43	64	0	64	32	32	64	0	43	11	32	43	0	64	32	32	64	0	117	64	53	117	0	96	43	53	96	0	74	32	43	74	0	170	74	96	170	0	202	96	106	202	0
2927200	62	28	34	59	3	69	37	31	69	0	78	37	41	78	0	87	44	44	87	0	100	47	53	100	0	100	44	56	97	3	66	12	53	62	3	144	59	84	144	0	147	56	91	144	3
2927309	51	32	19	51	0	101	51	51	101	0	108	44	63	108	0	76	19	57	76	0	108	25	82	108	0	120	38	82	120	0	178	108	70	178	0	114	25	89	114	0	165	44	120	165	0
2927408	309	209	100	255	54	318	208	110	270	48	334	216	119	284	50	358	224	134	300	58	377	236	142	319	59	393	243	150	331	62	215	49	167	150	65	451	270	182	376	75	487	284	203	412	75
2927507	70	42	28	70	0	65	33	33	61	5	79	28	51	75	5	98	47	51	93	5	79	28	51	75	5	89	33	56	84	5	65	19	47	56	9	93	33	61	84	9	112	33	79	107	5
2927606	67	27	40	67	0	80	33	47	80	0	60	20	40	60	0	67	20	47	67	0	93	33	60	93	0	80	27	53	80	0	200	154	47	200	0	80	20	60	80	0	114	13	100	114	0
2927705	84	35	49	84	0	98	42	56	98	0	88	28	60	84	4	84	35	49	81	4	112	60	53	112	0	109	49	60	109	0	67	4	63	67	0	119	46	74	119	0	105	42	63	105	0
2927804	119	60	60	119	0	90	15	75	90	0	105	30	75	105	0	119	30	90	119	0	119	45	75	119	0	119	15	105	119	0	478	403	75	478	0	134	45	90	134	0	179	75	105	179	0
2927903	108	27	81	108	0	81	9	72	81	0	63	0	63	63	0	108	36	72	99	9	108	18	90	108	0	116	27	90	116	0	152	90	63	152	0	116	36	81	108	9	152	36	116	143	9
2928000	73	39	34	73	0	86	47	39	86	0	99	52	47	99	0	120	60	60	120	0	122	57	65	122	0	135	68	68	135	0	73	8	65	73	0	154	60	94	146	8	167	60	107	161	5
2928059	45	7	37	45	0	45	7	37	45	0	45	15	30	45	0	67	7	60	67	0	67	22	45	67	0	75	15	60	75	0	149	82	67	149	0	67	7	60	67	0	119	15	104	119	0
2928109	74	31	43	72	2	81	41	41	81	0	89	43	45	89	0	120	60	60	120	0	141	67	74	139	2	127	55	72	122	5	89	12	77	86	2	139	65	74	134	5	146	60	86	139	7
2928208	55	29	25	55	0	51	22	29	51	0	55	25	29	55	0	62	33	29	62	0	73	36	36	73	0	69	29	40	69	0	135	98	36	135	0	87	44	44	87	0	87	44	44	87	0
2928307	76	22	54	76	0	108	43	65	108	0	86	43	43	86	0	86	11	76	86	0	76	32	43	76	0	76	32	43	76	0	972	918	54	972	0	97	32	65	97	0	86	22	65	86	0
2928406	93	27	65	93	0	103	34	69	103	0	110	31	79	110	0	124	38	86	124	0	120	38	82	120	0	124	38	86	124	0	154	72	82	154	0	130	45	86	130	0	127	38	89	127	0
2928505	94	37	56	94	0	75	19	56	75	0	112	28	84	112	0	103	28	75	103	0	112	37	75	112	0	122	37	84	122	0	122	56	66	122	0	103	28	75	103	0	122	37	84	122	0
2928604	87	48	39	86	2	87	50	37	82	5	108	60	48	105	3	119	61	58	116	3	132	66	66	126	6	118	55	63	108	10	71	11	60	65	6	134	58	76	126	8	145	74	71	136	10
2928703	177	112	65	154	23	151	92	59	130	21	163	93	70	137	25	208	111	97	159	49	214	106	107	166	47	216	113	103	168	47	155	49	105	104	51	252	121	131	184	68	275	135	139	202	73
2928802	65	35	30	63	2	69	33	35	69	0	61	26	35	61	0	71	32	39	65	6	82	37	45	76	6	93	43	50	87	6	72	19	54	69	4	93	39	54	89	4	89	32	58	85	4
2928901	65	24	42	65	0	68	18	51	65	3	95	27	68	89	6	98	21	77	92	6	122	33	89	116	6	101	24	77	98	3	80	27	53	80	0	74	18	56	74	0	98	21	77	98	0
2928950	128	43	85	128	0	149	64	85	149	0	138	64	74	138	0	138	64	74	138	0	128	53	74	128	0	117	43	74	117	0	393	330	64	393	0	128	74	53	128	0	160	85	74	160	0
2929008	189	131	59	189	0	189	124	65	189	0	163	52	111	163	0	196	85	111	196	0	235	118	118	235	0	274	137	137	274	0	176	39	137	176	0	314	170	144	314	0	307	150	157	307	0
2929057	70	38	32	57	13	70	32	38	63	6	57	19	38	57	0	95	51	44	95	0	88	38	51	88	0	139	57	82	139	0	145	57	88	145	0	139	51	88	139	0	126	38	88	126	0
2929107	68	18	50	68	0	87	27	59	82	5	68	18	50	64	5	91	36	55	87	5	109	41	68	105	5	118	46	73	114	5	91	14	77	87	5	114	32	82	109	5	118	46	73	114	5
2929206	90	60	30	90	0	157	80	77	149	7	152	70	82	144	7	149	45	104	144	5	154	52	102	149	5	194	70	124	186	7	134	10	124	132	2	236	72	164	224	12	251	85	167	239	12
2929255	51	15	36	51	0	25	10	15	25	0	31	10	20	31	0	31	5	25	31	0	41	20	20	41	0	56	20	36	56	0	56	10	46	56	0	66	20	46	66	0	56	10	46	56	0
2929305	84	42	42	82	3	79	32	47	76	3	76	24	53	74	3	71	16	55	68	3	63	18	45	63	0	76	21	55	74	3	103	60	42	97	5	63	24	39	60	3	74	32	42	66	8
2929354	66	0	66	66	0	99	17	83	99	0	66	0	66	66	0	99	33	66	99	0	99	33	66	99	0	99	17	83	99	0	132	50	83	132	0	83	17	66	83	0	50	0	50	50	0
2929370	37	9	28	37	0	56	9	46	56	0	56	9	46	56	0	56	0	56	56	0	93	37	56	93	0	74	19	56	74	0	130	83	46	130	0	83	19	65	83	0	65	9	56	65	0
2929404	66	17	50	66	0	58	17	41	58	0	74	25	50	74	0	91	41	50	91	0	108	33	74	108	0	74	17	58	74	0	83	25	58	83	0	66	25	41	66	0	83	33	50	83	0
2929503	79	44	35	74	4	72	39	33	63	9	81	46	35	72	9	94	52	41	85	9	109	57	52	103	7	105	50	55	98	7	70	13	57	63	7	124	55	70	118	7	124	52	72	118	7
2929602	116	33	83	116	0	149	33	116	149	0	138	22	116	138	0	127	17	110	121	6	132	28	105	127	6	155	22	132	149	6	193	72	121	193	0	155	33	121	155	0	171	39	132	171	0
2929701	64	29	34	64	0	73	29	44	73	0	73	24	49	73	0	113	44	69	113	0	132	49	83	132	0	132	54	78	132	0	54	20	34	54	0	103	29	73	103	0	103	29	73	103	0
2929750	16	8	8	16	0	24	8	16	24	0	48	16	32	48	0	89	16	73	89	0	113	24	89	113	0	137	48	89	137	0	258	186	73	258	0	73	16	57	73	0	97	32	65	97	0
2929800	67	22	45	67	0	67	22	45	67	0	30	7	22	30	0	52	15	37	52	0	60	30	30	60	0	75	30	45	75	0	120	67	52	120	0	90	30	60	90	0	67	22	45	67	0
2929909	59	33	26	55	4	66	37	29	57	9	92	40	53	88	4	79	33	46	79	0	83	37	46	81	2	81	33	48	77	4	90	35	55	77	13	158	66	92	147	11	138	59	79	125	13
2930006	85	17	68	85	0	85	17	68	85	0	103	26	77	103	0	120	34	85	120	0	111	34	77	111	0	120	43	77	120	0	120	43	77	120	0	120	34	85	120	0	137	34	103	137	0
2930105	91	49	42	80	11	87	44	43	80	7	63	36	27	57	6	81	39	42	71	10	74	42	32	53	21	74	47	27	53	21	48	25	23	28	20	92	50	42	73	20	103	59	44	75	28
2930154	55	12	42	55	0	27	3	24	27	0	36	3	33	36	0	58	15	42	58	0	73	24	48	73	0	67	27	39	67	0	149	109	39	149	0	70	24	45	70	0	70	12	58	70	0
2930204	31	7	24	31	0	24	7	17	24	0	36	19	17	36	0	36	14	21	36	0	53	31	21	53	0	60	33	26	60	0	45	19	26	45	0	72	31	41	72	0	62	19	43	62	0
2930303	66	11	55	66	0	71	16	55	71	0	76	16	60	76	0	87	22	66	87	0	93	22	71	93	0	104	27	76	104	0	409	338	71	409	0	104	38	66	104	0	109	38	71	109	0
2930402	62	31	31	62	0	69	44	25	69	0	87	56	31	87	0	69	25	44	69	0	75	25	50	75	0	87	37	50	87	0	100	37	62	100	0	81	19	62	81	0	118	31	87	118	0
2930501	88	45	43	88	0	82	32	49	81	1	84	36	48	83	1	94	43	51	93	1	116	54	61	112	4	130	58	72	122	8	94	17	77	82	12	146	55	90	125	20	125	42	83	107	18
2930600	29	14	14	29	0	43	22	22	43	0	58	14	43	58	0	72	22	51	72	0	80	29	51	80	0	94	43	51	94	0	123	72	51	123	0	108	43	65	108	0	80	22	58	80	0
2930709	51	32	20	46	5	51	33	18	47	4	68	37	30	64	4	71	40	32	67	4	81	48	33	74	7	76	42	34	73	3	43	5	38	38	5	102	55	47	96	6	112	57	55	106	6
2930758	89	22	67	89	0	67	15	52	67	0	67	15	52	67	0	97	15	82	97	0	119	37	82	119	0	127	37	89	127	0	119	7	112	119	0	134	45	89	134	0	134	37	97	134	0
2930766	71	9	62	71	0	80	35	44	80	0	62	18	44	62	0	106	44	62	106	0	89	44	44	89	0	89	44	44	89	0	124	71	53	124	0	124	53	71	115	9	106	27	80	97	9
2930774	80	42	38	80	0	84	42	42	84	0	76	17	59	76	0	67	17	51	67	0	80	17	63	80	0	67	21	46	67	0	63	8	55	63	0	84	42	42	80	4	105	51	55	105	0
2930808	57	23	34	57	0	57	17	40	57	0	57	23	34	57	0	80	23	57	80	0	74	17	57	74	0	63	6	57	63	0	74	17	57	74	0	51	6	46	51	0	46	6	40	46	0
2930907	46	0	46	46	0	61	15	46	61	0	69	15	54	69	0	69	0	69	69	0	92	8	84	92	0	100	15	84	100	0	153	69	84	153	0	84	8	77	84	0	107	23	84	107	0
2931004	94	38	56	94	0	84	38	47	84	0	80	28	52	80	0	99	38	61	99	0	117	47	70	113	5	113	52	61	113	0	70	19	52	70	0	136	56	80	131	5	117	38	80	113	5
2931053	78	17	62	78	0	84	28	56	84	0	56	11	45	56	0	39	22	17	39	0	45	22	22	45	0	84	22	62	84	0	867	800	67	867	0	95	28	67	95	0	101	34	67	101	0
2931103	73	24	49	73	0	97	49	49	97	0	61	12	49	61	0	85	24	61	85	0	85	36	49	85	0	85	36	49	85	0	85	49	36	85	0	85	12	73	85	0	85	24	61	85	0
2931202	47	19	28	47	0	70	28	42	70	0	70	23	47	70	0	75	28	47	75	0	84	42	42	84	0	89	42	47	89	0	93	42	51	93	0	103	51	51	103	0	98	42	56	98	0
2931301	101	45	56	101	0	73	28	45	73	0	84	39	45	84	0	62	28	34	62	0	56	22	34	56	0	39	17	22	39	0	67	39	28	62	6	62	34	28	62	0	67	39	28	67	0
2931350	132	68	64	119	14	141	77	64	119	22	142	80	62	114	28	152	87	65	117	35	183	98	85	145	38	195	109	87	152	44	127	35	92	80	47	217	129	88	168	49	224	131	93	167	57
2931400	113	63	50	113	0	76	38	38	76	0	101	50	50	101	0	88	38	50	88	0	113	38	76	101	13	151	63	88	151	0	176	113	63	176	0	176	88	88	164	13	113	38	76	101	13
2931509	43	13	30	43	0	56	21	34	56	0	56	17	38	56	0	81	30	51	81	0	111	43	68	111	0	90	30	60	86	4	141	90	51	137	4	103	47	56	98	4	90	30	60	90	0
2931608	72	26	46	72	0	78	33	46	78	0	72	20	52	72	0	98	39	59	98	0	111	39	72	111	0	130	59	72	130	0	130	65	65	130	0	124	33	91	124	0	143	39	104	143	0
2931707	66	37	30	66	0	96	66	30	96	0	74	44	30	74	0	89	44	44	89	0	96	44	52	96	0	103	52	52	103	0	133	81	52	133	0	111	44	66	111	0	148	44	103	148	0
2931806	90	34	56	90	0	113	40	73	113	0	90	28	62	90	0	119	45	73	119	0	147	51	96	147	0	147	45	102	147	0	124	23	102	124	0	169	56	113	169	0	147	40	107	147	0
2931905	57	21	36	57	0	55	21	34	55	0	63	19	44	63	0	65	17	48	65	0	91	40	51	91	0	103	44	59	103	0	67	8	59	67	0	112	48	65	112	0	107	34	72	107	0
2932002	47	12	35	47	0	66	23	43	66	0	58	16	43	58	0	62	19	43	62	0	89	39	50	89	0	70	39	31	70	0	50	12	39	50	0	66	43	23	58	8	50	27	23	43	8
2932101	63	19	43	63	0	101	38	63	101	0	77	38	38	77	0	106	58	48	106	0	101	48	53	101	0	111	48	63	111	0	77	14	63	77	0	106	38	67	106	0	96	34	63	96	0
2932200	68	29	39	68	0	44	10	34	44	0	73	20	54	73	0	49	10	39	49	0	63	10	54	63	0	78	20	59	78	0	88	39	49	88	0	107	34	73	107	0	112	29	83	112	0
2932309	36	4	33	36	0	44	7	36	44	0	51	4	47	51	0	62	7	54	62	0	58	11	47	58	0	65	15	51	62	4	84	25	58	84	0	62	11	51	62	0	73	18	54	73	0
2932408	35	14	21	35	0	48	14	35	48	0	48	21	28	48	0	62	28	35	62	0	62	28	35	62	0	55	21	35	55	0	104	55	48	104	0	83	28	55	83	0	76	28	48	76	0
2932457	51	20	31	51	0	51	20	31	51	0	51	15	36	51	0	36	5	31	36	0	41	20	20	41	0	46	20	26	46	0	41	10	31	41	0	67	20	46	67	0	61	20	41	61	0
2932507	94	42	52	89	5	113	42	70	103	9	94	33	61	89	5	131	52	80	113	19	145	61	84	127	19	150	38	113	145	5	333	202	131	328	5	188	38	150	188	0	202	61	141	202	0
2932606	81	46	35	81	0	63	29	35	63	0	63	35	29	63	0	58	23	35	58	0	69	35	35	69	0	92	46	46	92	0	92	52	40	92	0	92	35	58	86	6	121	52	69	115	6
2932705	69	32	37	69	0	69	23	46	69	0	83	32	51	83	0	55	18	37	55	0	78	32	46	78	0	74	28	46	74	0	64	18	46	64	0	88	41	46	88	0	92	41	51	92	0
2932804	71	20	51	71	0	76	25	51	71	5	66	20	46	61	5	81	30	51	76	5	71	20	51	71	0	71	20	51	71	0	71	10	61	71	0	71	20	51	71	0	71	20	51	71	0
2932903	65	38	26	59	6	59	33	25	51	8	62	36	25	60	2	85	41	45	81	4	90	45	46	81	9	94	44	51	83	11	65	13	52	52	13	105	49	57	87	18	114	51	64	93	21
2933000	63	38	24	63	0	59	21	38	59	0	59	21	38	59	0	94	35	59	94	0	87	28	59	87	0	83	24	59	83	0	63	14	49	63	0	80	31	49	80	0	94	38	56	94	0
2933059	75	34	41	75	0	68	27	41	68	0	41	7	34	41	0	82	34	48	82	0	95	48	48	95	0	89	34	55	89	0	109	68	41	109	0	75	34	41	75	0	95	27	68	95	0
2933109	85	42	42	85	0	42	0	42	42	0	74	11	63	74	0	53	11	42	53	0	63	21	42	63	0	74	21	53	74	0	85	42	42	85	0	85	21	63	85	0	63	0	63	63	0
2933158	30	7	22	30	0	59	22	37	59	0	52	22	30	52	0	74	30	45	74	0	104	37	67	104	0	111	52	59	111	0	3204	3129	74	3204	0	111	37	74	111	0	82	15	67	82	0
2933174	32	0	32	32	0	75	32	43	75	0	96	43	53	96	0	96	43	53	96	0	107	53	53	107	0	107	43	64	107	0	107	43	64	107	0	149	32	117	149	0	107	21	85	107	0
2933208	96	53	44	96	0	94	44	50	94	0	99	39	60	99	0	105	25	80	105	0	99	25	73	99	0	96	21	76	96	0	92	21	71	92	0	108	23	85	108	0	121	27	94	121	0
2933257	196	136	60	196	0	136	76	60	136	0	151	60	91	151	0	166	60	106	166	0	181	76	106	181	0	166	60	106	166	0	272	151	121	272	0	181	60	121	181	0	181	60	121	181	0
2933307	141	93	48	112	28	152	101	51	111	41	175	113	62	131	44	192	122	70	147	45	211	129	82	162	49	231	144	87	177	54	141	50	91	83	57	281	178	103	217	64	312	193	120	247	65
2933406	82	21	62	82	0	72	21	51	72	0	72	21	51	72	0	82	31	51	82	0	82	31	51	82	0	82	31	51	82	0	51	0	51	51	0	103	41	62	103	0	72	21	51	72	0
2933455	62	8	54	62	0	77	15	62	77	0	93	23	70	93	0	139	39	101	139	0	155	54	101	155	0	170	54	116	170	0	101	0	101	101	0	131	46	85	131	0	131	39	93	131	0
2933505	80	22	58	80	0	76	31	45	76	0	125	31	94	125	0	121	22	98	121	0	134	36	98	134	0	125	36	89	125	0	89	0	89	89	0	116	31	85	116	0	143	40	103	143	0
2933604	50	21	29	48	2	62	29	33	60	2	56	19	37	54	2	58	19	39	58	0	54	12	41	54	0	60	19	41	60	0	41	0	41	41	0	58	19	39	58	0	66	19	48	64	2