COD MUN	PIB - 2012	PIB - 2013	PIB - 2014	PIB - 2015	PIB - 2016	ESCOLAS - 2012	ESCOLAS - 2013	ESCOLAS - 2014	ESCOLAS - 2015	ESCOLAS - 2016	POPULACAO - 2012	POPULACAO - 2013	POPULACAO - 2014	POPULACAO - 2015	POPULACAO - 2016
2900108	42148	42485	55320	54905	64325	17	22	22	15	22	8659	9132	9243	9226	9212
2900207	73066	89738	107311	120085	124754	65	66	66	66	67	17685	18989	19290	19574	19939
2900306	97105	109425	114174	116674	115158	29	31	32	33	33	14730	15615	15668	15717	15764
2900355	70095	132827	98679	159878	101478	40	40	40	40	40	15914	16929	17044	17153	17254
2900405	69641	80214	91617	106758	138677	27	48	48	29	48	15884	16871	16959	17043	17431
2900504	41978	42449	48490	51682	56854	53	55	55	55	56	10746	11509	11472	11437	11405
2900603	37433	40642	47559	52075	49816	23	24	24	24	24	4536	4767	4790	4767	4745
2900702	2363471	2659131	2757406	2737826	3177575	181	203	212	211	210	143460	152570	153560	154495	155362
2900801	193453	198823	209489	234477	260134	39	66	67	66	69	21328	23176	23231	23282	23331
2900900	38568	41406	69222	57993	55434	25	25	25	19	25	6130	6327	6234	6145	6062
2901007	231597	268100	294237	315353	338286	59	59	67	60	60	34845	37081	37557	37807	38041
2901106	197678	230017	263577	264417	280400	39	41	42	41	43	25080	26477	26458	26441	26424
2901155	67637	76842	88549	103621	120759	50	62	62	62	62	15962	16884	16904	16923	16781
2901205	98704	114373	134595	156646	160376	128	129	131	131	131	19889	20698	20388	20096	19824
2901304	65418	70782	75967	88004	95028	62	63	64	64	64	13942	14738	13716	13723	13732
2901353	131894	120273	144598	135203	172216	71	71	71	69	71	14209	14936	14862	14791	15551
2901403	83925	98184	117161	126212	143722	78	47	56	40	78	13992	14762	14742	14724	14707
2901502	42495	50754	53044	60986	61805	31	32	34	36	37	10427	11113	11209	11299	11402
2901601	67615	83918	93681	99135	112595	40	40	40	40	40	17526	18744	18970	19183	19382
2901700	79406	99034	95743	98897	90898	31	32	39	39	39	11545	12206	12216	12225	12200
2901809	43679	48600	56408	63629	63539	43	33	44	29	44	11229	11973	12083	12187	11989
2901908	79165	90093	100548	111337	118226	52	53	55	55	52	17877	18976	19063	19146	19223
2901957	45257	50831	53135	57125	67914	31	31	31	31	31	7397	7795	7780	7762	7745
2902005	61997	77990	81211	85659	89349	69	74	74	43	74	13542	14232	14158	14089	14023
2902054	374120	434960	358059	262311	125487	27	40	41	40	40	11642	12351	12402	12450	12495
2902104	257451	297508	339819	366516	391894	130	150	151	133	152	52325	55655	56023	56370	55637
2902203	54151	63629	69639	74097	84880	28	30	30	31	31	10483	11157	11237	11314	11385
2902252	72263	73988	91722	99125	97942	48	55	55	55	56	10307	11822	11779	11737	11697
2902302	42955	53529	59194	63534	67349	33	38	40	40	40	8632	9146	9104	9127	9150
2902401	76331	84472	96063	106729	114307	35	37	37	32	37	13059	13525	13301	13089	12891
2902500	89822	89874	120434	116942	128079	43	65	42	41	66	13420	13892	14126	14195	14262
2902609	100423	113554	121193	132445	137300	57	82	82	82	85	20031	21174	21186	21197	21393
2902658	51748	59951	68903	75898	82156	29	49	50	44	51	11840	12534	12560	13711	13738
2902708	233472	272376	296407	331766	349674	104	128	130	132	135	50134	53361	53786	54188	54563
2902807	121695	180919	207078	225676	245374	67	76	78	66	78	20767	22409	22566	22394	22232
2902906	258877	286329	351122	441795	501705	54	68	69	71	71	35501	35567	35200	34853	34421
2903003	64115	71045	78462	85833	90753	61	61	61	61	61	13914	14684	14540	14526	14570
2903102	43490	46147	141515	64775	61857	31	31	31	31	31	6038	6261	6518	6424	6338
2903201	2816370	2888677	3337723	3718351	3358643	132	146	143	148	212	141081	150896	152208	153918	155519
2903235	55293	63446	71551	79352	82382	41	42	42	41	42	13914	14855	15230	15377	15093
2903276	248166	175420	168872	192758	250869	42	42	41	44	44	14495	15470	15624	15770	16167
2903300	46831	49164	50973	54914	60139	21	21	21	20	21	6122	6767	6627	6492	6367
2903409	208451	226424	229954	280303	284368	60	60	61	63	64	22067	23471	23620	23759	23891
2903508	74918	87128	95836	104978	118406	44	53	53	44	54	17625	18539	18459	18383	18312
2903607	72883	81851	89057	100477	107488	48	50	50	50	50	14866	15737	15769	15799	16628
2903706	70990	79050	85788	93731	94193	40	52	52	52	52	14620	15141	14861	14577	14314
2903805	100045	110585	104277	110955	116791	61	81	81	65	80	17898	18888	18677	18658	19516
2903904	486537	550848	634594	773330	824384	117	124	129	123	123	64740	68282	68922	69526	70090
2903953	39895	41176	44171	50877	52293	15	15	15	15	19	10120	10644	10597	10554	10515
2904001	61392	65625	75172	79697	88829	24	46	46	46	47	13893	14742	14490	14585	14675
2904050	94825	102563	113147	154962	157859	33	38	38	38	41	15126	16132	16730	16873	17006
2904100	90109	107278	116886	128250	137385	105	78	113	113	113	22025	22389	22409	22429	22448
2904209	56293	62670	72032	78349	85716	56	55	57	57	57	10950	11162	11089	11021	10957
2904308	110716	119766	125837	130821	129112	38	39	39	39	39	14123	14866	15265	15214	15166
2904407	57987	62928	71332	80762	85591	22	20	21	19	24	11247	10545	10624	10698	10768
2904506	54895	58568	60745	65378	68481	75	75	75	76	76	10479	11301	11158	11070	11049
2904605	951099	1024095	1103185	1147683	1370329	116	122	123	121	124	64972	68776	69022	69255	69473
2904704	206324	224255	234293	217212	177335	51	51	51	35	51	18528	19311	19297	19283	19269
2904753	83401	91044	101171	112619	117640	72	75	75	75	75	19853	21115	21418	21549	21671
2904803	56221	54056	60191	64977	66278	22	48	48	49	49	10576	10828	10486	10166	10044
2904852	90021	104664	113449	111660	131693	36	36	38	38	38	17582	18713	18850	18978	19199
2904902	323948	387812	429673	450446	523162	62	69	72	67	73	32270	34244	34394	34535	35013
2905008	198009	184301	298323	226874	240374	27	33	34	34	34	22577	23232	23392	23545	23685
2905107	52912	60328	66776	80740	87366	41	39	41	41	40	10013	10429	10282	10143	10179
2905156	48946	62517	64918	73204	77193	57	65	65	59	65	14926	15842	15913	15982	16045
2905206	359166	442025	639480	724323	637474	172	173	175	175	174	47774	52166	52353	52531	52696
2905305	77086	96137	115744	138400	242501	35	36	36	36	36	17398	18489	18595	18695	18917
2905404	2732748	2723878	1781174	1200964	452557	36	37	37	37	37	15973	17168	17457	17730	17985
2905503	57671	70506	80951	86426	102492	40	49	49	48	47	12658	13465	13555	13641	13643
2905602	221339	247875	252936	266589	269741	68	69	70	60	69	31535	33068	33135	33197	33257
2905701	11534286	14458290	17601655	20390421	21935897	210	214	236	226	232	255238	275575	281413	286919	292074
2905800	255298	277483	296278	348686	338646	98	106	106	106	106	35366	37207	36321	36435	36543
2905909	132054	139953	156005	182240	193097	147	154	141	140	169	28156	29812	29877	29938	29994
2906006	417449	483018	583367	611961	726876	201	202	204	205	208	67305	71507	71900	72271	73118
2906105	45486	50739	56208	60256	61321	32	35	38	38	38	9395	10130	10137	10142	10146
2906204	111334	127208	143787	165354	174080	53	53	53	53	53	24430	26006	26200	26382	26702
2906303	194938	229268	267174	298980	309233	89	90	90	94	94	31902	33570	33415	33268	33130
2906402	36595	44016	47909	51976	53856	44	45	45	46	46	8720	9143	9075	9011	8894
2906501	2651895	2641424	3086409	3388543	3444178	85	80	80	80	89	84121	89419	88308	88806	89271
2906600	61916	75541	82693	94215	102327	14	22	22	22	23	13329	14527	14599	14667	14732
2906709	117968	145168	155099	170019	174507	70	71	69	60	70	25711	27057	26952	26855	26760
2906808	159937	179908	198072	244199	249978	95	95	95	93	96	33054	35029	35135	35235	36105
2906824	76321	94628	105845	109173	131589	49	50	50	50	50	15941	16956	17070	17177	17222
2906857	55849	64618	80326	81782	81460	20	34	34	34	34	11485	12128	12123	12118	12203
2906873	202530	253545	290884	343668	353837	49	52	63	47	66	27067	28853	29107	29346	31181
2906899	43446	50468	55864	59925	66434	9	18	18	16	18	9879	10292	10150	10016	9890
2906907	283502	277084	285985	344764	392261	34	44	43	43	44	21612	22328	22442	22548	22646
2907004	125628	108301	96108	85919	74520	12	13	13	14	14	9030	9611	9681	9747	9809
2907103	127244	138544	156391	179003	194248	40	77	78	80	80	28519	29768	29864	29955	30041
2907202	380450	409435	545233	541116	584368	231	272	269	273	294	66331	70796	71504	72172	72798
2907301	199978	233432	278307	331795	362052	69	86	86	85	86	25555	27097	27194	27286	27161
2907400	42809	50785	56623	63932	72469	12	14	14	14	14	3215	3420	3644	3672	3695
2907509	671262	749214	651358	623154	516695	87	90	92	92	92	51734	55021	55380	55719	56037
2907558	37029	40921	45134	51352	56093	40	48	48	48	48	8817	9760	9762	9762	9764
2907608	77819	94524	111234	133511	142294	60	63	63	63	63	17057	18061	18101	18140	17935
2907707	47866	55885	62519	68927	71474	58	58	57	58	58	10794	11444	11484	11522	11558
2907806	162513	202707	216195	248504	256155	48	50	56	52	55	32470	34424	34540	34478	34581
2907905	78000	88400	98118	117767	119426	45	50	48	47	48	15884	16860	16938	17602	17673
2908002	109508	126114	137973	154314	158871	51	52	52	51	51	19937	20620	20183	19770	19383
2908101	205548	193461	229703	231611	219406	51	80	83	83	83	18235	19281	19340	19396	19449
2908200	126421	161098	194277	248132	255524	45	53	54	49	54	20826	22226	22448	22656	22840
2908309	100055	115089	121617	139159	154762	34	50	51	51	51	17705	18644	18583	18525	18278
2908408	462612	522783	585923	677617	729657	179	153	180	178	181	63033	67126	67651	68146	67875
2908507	1025326	1472186	1637133	1695547	2023104	45	44	47	44	45	30717	32761	33066	33354	33624
2908606	137777	156973	178688	198558	253865	68	73	75	66	76	24103	25714	25961	26194	26412
2908705	86275	97910	107017	121331	126993	74	74	73	66	72	17421	18359	18312	18269	18229
2908804	24037	27223	30873	34369	34529	19	19	19	19	19	4613	4354	4340	4326	4312
2908903	120308	145168	161047	168055	179339	49	55	68	68	68	22149	23314	23228	23146	23961
2909000	36203	40152	45897	50593	52834	42	42	44	44	44	8245	8752	8795	8834	8870
2909109	87272	88056	103752	111094	122929	27	60	60	58	60	14210	15024	15000	14976	14954
2909208	76107	93812	114874	124629	132814	73	74	74	67	77	16650	17422	17256	17098	16951
2909307	848517	1134738	1235037	1297030	1123973	74	88	87	88	88	31397	32980	33084	33183	33275
2909406	83842	96722	105499	121527	124783	68	69	69	69	69	13614	14390	14396	14403	14409
2909505	28077	31442	34378	38495	41055	22	22	22	17	22	5048	5341	5552	5560	5568
2909604	111599	121444	132086	138177	143554	50	50	50	50	50	20199	21435	21529	21617	21700
2909703	61874	80463	88912	113579	131286	42	42	42	42	44	13374	14189	14247	14302	14354
2909802	653099	776423	809365	861525	961686	76	73	78	75	80	59470	63299	63761	64197	64552
2909901	213263	225587	270295	258036	269056	82	82	82	81	82	32631	34725	34974	35208	35320
2910008	47702	53640	57566	94881	92041	33	33	33	33	33	12217	12721	12190	12022	11864
2910057	2501015	2757751	3128588	3331141	3346132	53	58	67	68	71	69628	75103	76624	78058	79401
2910107	83314	93283	106696	112812	123445	36	50	50	50	50	11454	12379	12441	12499	12553
2910206	21368	25121	26698	29377	31596	15	16	16	16	16	3894	4127	4140	4153	4201
2910305	37909	44095	50495	54645	58940	39	28	39	39	39	7961	8426	8420	8434	8448
2910404	140953	156193	174269	195658	181804	87	90	92	91	91	22478	21418	20859	20331	19837
2910503	642297	669512	568544	520663	467036	97	99	97	83	88	40180	42640	42828	43006	43172
2910602	871860	920644	707683	561380	489787	84	85	86	87	87	33618	35930	36339	36724	37085
2910701	333069	472377	497806	635593	616993	195	205	207	207	208	56962	60558	60932	60066	61618
2910727	1701478	2004419	2075774	2276986	2535370	91	98	99	88	102	102628	110803	112032	113191	114275
2910750	108509	178960	153097	226947	222596	13	13	14	14	14	17555	18524	18502	18481	18461
2910776	39195	41824	49315	47034	48397	23	30	31	12	31	6177	5908	5911	5914	5918
2910800	9148602	10949907	11727165	11962297	13107354	439	466	476	478	524	568099	606139	612000	617528	622639
2910859	74977	87939	103072	114339	117328	35	35	35	35	34	16672	17603	17593	17583	17184
2910909	29311	34880	38312	43560	44483	8	8	12	8	12	5417	5744	5766	5786	5804
2911006	58069	70075	72625	80458	78633	41	41	41	41	41	10657	11392	11352	11313	11279
2911105	1503204	1175872	1366233	1605408	985453	88	91	92	93	93	23169	24799	25074	25372	25652
2911204	220579	249876	273424	308095	318970	60	70	71	71	71	30816	32814	33097	32809	33030
2911253	24736	28329	31819	38270	37750	23	23	42	43	43	4510	4747	4729	4712	4740
2911303	42191	46966	52990	57569	197590	62	62	62	63	63	10690	11338	11381	11423	11603
2911402	100574	115123	131834	146864	167411	61	61	61	61	62	15114	16003	16039	16072	15810
2911501	46600	49340	56787	65949	64370	18	23	23	23	23	8031	8325	8212	8082	7961
2911600	129648	149508	161344	229347	273117	42	43	42	42	44	19926	21125	21198	21267	21435
2911659	41581	46407	48597	53344	55176	12	12	12	12	12	9182	9388	9087	8805	8322
2911709	727225	861467	1041760	1141389	1198658	60	66	68	61	64	79936	84645	85237	85797	86320
2911808	154421	173184	197268	225536	219726	63	105	105	89	105	21840	22583	22465	22355	22251
2911857	58856	79783	78668	97310	88493	15	53	44	54	56	13099	13812	13786	13762	13739
2911907	148758	149740	202247	225272	197016	91	92	92	92	92	25319	26591	26382	26178	26012
2912004	53911	63840	69233	75189	81015	44	44	44	44	44	9607	10866	10679	10502	10337
2912103	132653	146660	155807	172565	173802	45	47	48	48	47	23560	24595	24303	24029	23770
2912202	181977	220066	223258	271149	311070	15	17	17	16	19	17805	19071	19309	19548	19578
2912301	96607	113228	143597	165542	161612	30	39	40	39	38	15650	16582	16640	16696	16748
2912400	77533	81344	92513	101567	117999	31	42	42	42	42	17277	18398	18540	18674	18563
2912509	59044	69303	77363	88238	92141	67	67	67	67	67	14285	15162	15231	15296	15356
2912608	22529	24523	27050	26734	26367	19	20	20	19	19	4874	5158	5149	5158	4207
2912707	139581	151989	140270	175809	214006	74	78	78	78	78	22683	24059	24118	24180	24238
2912806	116614	138458	183602	185724	208808	12	25	25	25	25	8086	8603	8671	8735	8796
2912905	134178	147247	141825	166075	171186	56	57	57	57	57	17959	18546	18348	17947	17573
2913002	70145	75592	83120	91214	97800	52	63	63	63	63	15669	16647	16614	16699	16779
2913101	76422	84804	95063	108829	105589	40	51	51	49	49	17763	18752	18740	18727	17957
2913200	208924	217539	275243	291853	337311	71	72	73	73	73	25617	27285	27405	27655	27762
2913309	27108	30136	32880	38207	38498	14	20	20	20	21	5908	6265	6288	6311	6418
2913408	78095	90502	211224	189919	167008	32	32	32	32	32	15238	16159	16193	16225	16255
2913457	130705	145642	162868	178788	177433	65	71	72	70	72	13028	13636	14509	14395	14288
2913507	124975	145136	176506	198773	195843	91	91	91	91	91	26053	27615	27704	27787	27865
2913606	2891095	3219405	3512481	3641506	3874970	135	142	153	108	116	187315	184616	182350	180213	178210
2913705	324467	366081	355299	444593	443792	80	88	88	88	89	37321	39938	40441	40915	40908
2913804	59224	66240	73631	81026	79037	66	67	68	34	68	15025	15753	15634	15521	15596
2913903	314489	377971	415406	430004	429536	68	74	74	75	75	44538	47178	47388	47501	47606
2914000	409387	524787	590930	611581	693069	106	118	118	123	124	59001	62253	62172	62095	62697
2914109	44752	51061	57471	67414	74125	41	41	41	41	41	9398	9992	10054	10113	10107
2914208	35497	41698	46056	49866	57290	25	27	27	27	27	7046	7471	7443	7472	7497
2914307	51989	58937	68511	80874	78037	41	41	41	21	41	11150	11412	10809	10487	10184
2914406	151258	148252	194711	282787	331163	37	50	50	50	52	23246	24882	24712	25006	25279
2914505	149148	184790	203294	229254	240266	80	81	81	82	82	27814	29579	29770	29950	29723
2914604	727407	842768	899889	983841	1016283	71	79	82	82	82	67527	72041	72730	73380	73915
2914653	243206	278028	300689	310776	331073	44	45	47	43	48	28790	30636	30852	31055	31244
2914703	492805	579353	641089	721795	799653	121	134	137	138	138	62037	65806	66065	66310	66592
2914802	2990607	3450138	3665696	3832794	3859881	196	217	218	207	203	205885	218124	218925	219680	220386
2914901	176042	202724	222490	262128	263245	73	106	107	88	111	25254	26753	27198	27619	28013
2915007	65498	74262	79260	84480	87300	46	47	48	48	48	15063	15996	16370	16446	16519
2915106	79075	88518	104397	114068	107395	45	45	45	45	46	12805	13433	13448	13359	13276
2915205	562828	312030	340183	355444	187185	52	52	52	52	52	15088	15829	15871	15767	15669
2915304	66515	88700	91939	107965	108258	25	25	25	25	25	7013	7420	7384	7351	7319
2915353	53322	58933	69148	75935	82810	94	101	104	104	105	13487	14392	14533	14667	14604
2915403	49913	55759	61982	68949	65351	26	35	35	28	36	7118	7507	7428	7353	7284
2915502	224032	233898	226845	255692	267247	51	53	53	48	53	20878	21884	21817	21754	21697
2915601	610297	738590	756718	879172	838539	102	121	122	117	120	63037	67128	67191	67249	67305
2915700	48115	62151	60159	79970	80683	20	27	27	27	27	7836	8259	8534	8514	8495
2915809	143472	169490	194555	209808	220952	51	72	72	41	73	22650	23723	23520	23327	23147
2915908	62076	70580	59517	58239	60750	18	20	20	22	22	7590	8023	8029	8034	8038
2916005	154284	173476	188859	203395	219272	48	49	49	49	49	20015	20735	20671	20611	20554
2916104	161402	183559	193541	200067	209875	32	33	32	34	33	20994	22329	22476	22615	22744
2916203	58294	68839	75173	83329	94674	17	17	17	15	17	10436	10682	10448	10228	10022
2916302	343870	317413	255611	446820	577798	29	47	47	47	47	10398	10942	10910	10882	10856
2916401	887015	844595	898576	940315	1015448	70	79	80	77	79	69903	74652	75440	76184	76881
2916500	249320	300608	323726	349735	371220	95	95	96	96	96	33008	35255	35632	35987	36320
2916609	53521	61592	66950	74989	79625	35	35	36	26	37	10181	10799	10799	10800	10799
2916708	44440	49946	62391	69054	70852	23	35	36	36	36	7751	8231	8480	8519	8557
2916807	118540	138653	163230	189721	244021	48	38	52	52	52	18651	19837	19968	20091	20206
2916856	193477	261022	272917	292830	305711	36	37	37	37	37	13841	14700	14691	14763	14895
2916906	74613	79444	85933	88118	91225	33	34	34	34	34	12589	13267	13336	13307	13280
2917003	167956	188801	210500	236730	281185	183	182	184	184	185	36200	38330	38413	38492	37500
2917102	103723	117448	141919	187926	216694	35	38	43	37	42	19942	21106	21143	21178	21210
2917201	122228	139200	170398	191645	193248	93	95	95	71	97	18302	19211	19311	19406	19494
2917300	235598	270137	290142	297856	325394	57	62	62	62	63	26930	28639	28934	29108	29273
2917334	60784	74641	80232	87457	90738	38	39	39	39	39	10963	11253	11294	11331	11366
2917359	299906	302120	409262	354521	345574	21	33	33	23	33	8728	9417	9318	9225	9138
2917409	58525	65778	75714	83385	94754	21	70	70	70	70	14500	15350	15380	15409	15435
2917508	922324	868282	887350	1038299	1268886	128	131	148	111	144	79580	84328	84577	84811	83435
2917607	339670	398281	440895	507913	549746	94	95	95	91	91	51635	54902	55127	55449	55751
2917706	529469	404827	425105	463848	289675	118	117	119	117	120	30769	32740	32969	33186	34304
2917805	107019	124302	145450	163414	158940	58	69	69	69	74	16927	18114	18432	18647	18849
2917904	116709	134971	170486	170921	194177	24	25	25	25	25	10377	10997	11031	11063	11092
2918001	1635894	1908466	2057820	2234942	2438384	180	214	219	208	224	152372	161391	161150	161528	161880
2918100	208092	253274	274370	315046	315003	134	136	136	135	135	38163	40587	40851	41100	41387
2918209	67098	84041	88323	95926	109084	28	42	42	43	43	14096	14936	14993	15033	15071
2918308	86177	88895	102031	122868	117518	62	63	63	63	63	13280	13667	13636	13300	12985
2918357	124524	148495	169441	204850	216381	30	30	30	30	31	23066	24633	24894	25141	25431
2918407	2148674	2623338	3011502	3135297	3435777	193	199	197	208	215	201499	214748	216588	218324	220253
2918456	113241	157029	102252	98339	96532	77	77	77	59	77	9972	10403	10272	10148	10032
2918506	65305	74321	84518	90788	94045	35	43	43	43	43	15004	15848	15844	15841	16006
2918555	42195	46297	47464	54207	51054	22	27	28	29	29	6322	6493	6434	6378	6324
2918605	34735	37104	45942	52290	56631	46	46	46	45	46	7533	7741	7429	7229	7239
2918704	22519	25437	29182	34373	36946	10	12	12	12	12	3830	4017	4046	4020	3996
2918753	53769	64177	72595	82950	86420	51	52	52	52	52	14187	15542	15676	15801	15920
2918803	147939	165815	177107	217348	228387	62	63	63	63	63	22679	24207	23682	23904	24112
2918902	48819	49603	72048	84938	59012	12	13	13	12	13	3782	3971	3997	4022	4046
2919009	24229	32254	49626	48473	53697	28	29	29	29	29	3881	4079	3993	3974	4032
2919058	52985	61805	65108	71227	73023	22	23	23	23	23	8346	8847	8810	8836	8862
2919108	33457	39048	41739	46583	49035	24	31	22	21	29	9271	9673	9554	9442	9099
2919157	122102	134080	159654	183312	194053	38	38	39	40	40	25785	27338	27432	27521	28166
2919207	4578168	5351015	5930813	5655486	6104081	125	142	149	150	160	171042	184383	188013	191436	194641
2919306	71818	79970	93742	112338	113963	22	27	27	25	27	10589	11300	11340	11445	11544
2919405	63503	71811	80967	94756	101050	55	56	56	54	55	12268	12962	12965	12966	12967
2919504	280578	320617	384861	404785	433471	110	165	165	164	164	43514	45236	45647	46035	46399
2919553	3261809	3385205	3824488	4376477	3999684	49	58	65	70	71	66371	73061	76420	79162	81730
2919603	53189	61352	61779	64853	71175	24	34	34	29	33	11201	11835	11836	11837	11878
2919702	104773	118160	137729	147139	152380	35	35	36	36	36	17253	18419	18608	18786	18954
2919801	213211	243597	270150	296802	322370	166	168	169	169	170	47915	49436	49861	50262	50637
2919900	31993	37998	36681	39269	40558	58	58	58	18	58	7992	8417	8390	8365	8288
2919926	330395	406357	412432	494442	455520	14	14	11	13	18	18183	19600	19985	20348	20689
2919959	30010	35948	40340	43401	46058	27	37	37	37	37	6048	5972	5561	5174	4796
2920007	68552	73450	80431	88836	93411	15	16	21	14	22	9229	9864	9976	10082	10183
2920106	92580	103837	111016	125266	128983	43	57	57	57	57	19163	20194	20144	20097	19736
2920205	83684	108517	112516	123374	125249	40	47	49	49	49	16058	17375	17416	17455	17491
2920304	37451	43850	48930	52183	55756	42	42	42	42	42	8389	8942	8918	8896	8875
2920403	73787	80731	94306	102938	109223	65	65	65	65	65	13948	14600	14618	14488	14364
2920452	47028	51854	59525	70296	88889	66	66	66	66	66	12759	13598	13652	13761	13864
2920502	149701	175846	192822	260156	308900	63	65	65	65	65	25024	24491	24156	23751	23373
2920601	494917	754165	547239	430960	402368	79	105	93	94	103	43114	45740	45928	46106	46106
2920700	138973	160481	182366	208066	231972	80	81	81	81	82	19212	21016	21098	21175	21246
2920809	56088	65807	73194	72804	76873	27	29	29	27	29	10447	11026	10962	10951	10941
2920908	89774	95575	116793	135543	135288	49	52	55	28	55	14257	15221	15131	14877	14800
2921005	877625	988011	1024200	1011017	1043734	43	72	74	74	77	41527	44538	45194	45813	46392
2921054	45221	50241	54806	62970	67183	50	62	62	62	62	11342	12114	12217	12314	12404
2921104	196860	214900	268388	299481	302756	50	50	50	50	50	21642	23358	23420	23478	23535
2921203	144559	166910	177717	198221	220896	94	94	94	94	94	26188	27569	27627	27536	27600
2921302	80329	70649	100533	85727	91049	19	22	24	21	25	10994	11569	11700	11659	11621
2921401	76242	82539	94201	107474	113282	46	37	51	42	50	16606	17714	17881	18039	18588
2921450	39234	44041	50040	55275	59727	31	31	31	31	32	9902	10270	10081	9902	9735
2921500	214387	265711	265483	323318	310814	177	197	197	201	201	52023	54884	54807	54733	52015
2921609	37977	45040	48236	56387	60555	38	38	38	38	38	8233	8987	8977	8967	8958
2921708	181545	318334	235760	359136	299843	103	109	112	113	110	35251	37326	36641	36717	36789
2921807	57752	63140	67237	73923	86808	48	48	48	47	48	11729	12421	12450	12477	12505
2921906	204346	222708	359831	339788	390094	46	38	49	36	49	10145	10568	10400	10244	10096
2922003	1195332	1334070	1357371	1995636	1991626	58	62	63	39	55	37229	39927	40514	41068	41587
2922052	47790	55942	62400	75624	81518	39	43	43	42	43	11743	12191	12398	12200	12159
2922102	110830	121987	123381	132614	148578	49	50	50	50	50	24867	26518	26935	27165	27165
2922201	34350	37358	41939	47556	48567	22	30	30	22	28	7374	7825	7860	7893	7650
2922250	78443	89343	103556	124226	127077	24	25	26	26	26	10433	11465	11552	11495	11571
2922300	192803	219883	247051	263970	288093	34	42	35	34	41	28944	30635	30691	30743	30585
2922409	128196	150338	163635	183015	210022	45	49	69	44	68	21608	22928	22742	22833	22917
2922508	202806	227475	227820	239884	246709	48	64	63	50	62	27454	29122	29297	29406	29450
2922607	80314	96483	97823	109309	129704	56	56	56	56	56	12729	13555	14119	14188	14279
2922656	51476	57793	64553	80255	102198	58	58	58	58	58	12458	13216	13270	13321	13552
2922706	81571	92992	113063	120251	117992	63	60	65	54	66	16070	17013	17048	17082	17113
2922730	46850	53763	57128	67888	69928	27	27	27	27	27	7630	8083	8105	8125	8101
2922755	52962	58372	59094	79070	75663	36	36	36	36	37	6570	6913	7063	7036	7010
2922805	32431	35840	39912	44153	50130	10	10	14	14	14	7563	8058	8192	8312	8372
2922854	32869	35249	39925	45141	47251	29	32	32	32	31	8053	8527	9453	9470	9485
2922904	112781	140634	145077	160434	177652	65	67	67	68	68	24265	25725	25813	25854	25931
2923001	323819	372480	399216	443832	469825	40	45	44	47	47	39535	42265	42754	43216	43648
2923035	45153	53008	58779	67414	70347	31	32	32	31	32	11001	11786	12085	12238	12381
2923050	47328	56987	49212	49411	51100	31	35	35	35	35	15067	15943	15969	15993	16016
2923100	121210	148022	154101	171716	194095	66	66	67	67	67	25100	26620	26722	26817	26907
2923209	119316	129371	145081	149349	159429	111	112	112	112	112	21813	22738	22756	22774	22789
2923308	39577	40591	46598	50583	52665	21	22	22	22	22	8316	8804	8822	8839	8895
2923357	95546	95781	115215	130408	152104	28	42	40	41	43	16578	17603	17691	17775	17954
2923407	95345	115778	124879	141463	151861	90	90	90	42	90	20894	22260	22340	22416	22487
2923506	42994	54583	57018	65299	66632	27	32	32	32	32	8545	9122	9066	9130	9191
2923605	110517	124485	144311	157518	189972	82	82	83	82	82	21226	21838	21961	22077	22184
2923704	140340	160408	181186	185874	200638	99	100	100	101	101	29853	32258	32452	32636	32807
2923803	155254	230623	248619	316294	283646	22	24	25	25	25	27958	29654	29769	29878	29980
2923902	59474	68395	75159	88303	89312	34	34	35	17	35	10479	11166	11031	10905	10784
2924009	2485527	1439814	1586666	2225391	2267981	98	142	141	138	146	110193	117377	118323	119214	119930
2924058	72008	80661	89892	96082	95639	45	47	48	48	48	13707	14478	14474	14471	14229
2924108	30068	33053	35368	39819	39629	22	27	27	26	27	6993	7450	7511	7568	7486
2924207	72184	95456	108391	112682	106432	69	69	69	69	69	17045	18051	18094	18135	18173
2924306	94678	88738	104904	116967	116625	24	26	27	27	27	17257	18421	18584	18473	18366
2924405	145142	159375	172202	196485	208213	193	236	236	235	236	33176	35237	35255	35428	35590
2924504	64214	72357	83845	98304	167047	76	76	76	76	76	15695	16708	16758	16805	16849
2924603	86561	97497	109567	123108	122273	54	58	58	57	58	20009	21113	21087	21062	21191
2924652	50153	59683	65855	72941	77033	19	21	21	22	22	10250	10798	10769	10742	11036
2924678	47139	56545	55524	57871	77340	46	48	47	37	50	9833	10415	9777	10360	10386
2924702	47026	54210	59039	63711	66480	30	75	75	75	75	12219	12678	12452	12238	12035
2924801	96162	113175	122630	134486	144639	45	50	50	48	50	22907	24462	24785	25027	25002
2924900	44135	47892	50810	56384	59180	31	31	31	31	31	8944	9516	9413	9473	9529
2925006	155880	208470	222217	240192	223299	54	74	74	51	75	24627	26225	26436	26632	26743
2925105	286479	347332	379518	443014	468594	72	73	74	73	73	45903	48576	48655	48729	48798
2925204	1327604	1444677	1157448	955648	800661	38	33	39	42	39	34106	36551	37061	37543	37993
2925253	81121	87560	95974	104419	111251	66	50	68	67	68	15524	16321	16242	16168	15892
2925303	1514841	1831809	2077893	2289906	2523425	163	168	169	145	175	131642	141006	143282	145431	147444
2925402	60756	66095	77435	80180	80774	30	25	33	22	32	9360	9574	9263	8969	8694
2925501	267059	302543	369230	422019	416557	50	60	61	62	61	27693	29095	29158	29218	29273
2925600	69823	73112	85609	94149	98559	39	39	39	39	39	13807	14629	14672	14712	15699
2925709	49754	57130	65980	70241	74388	60	67	69	69	69	12854	13442	13307	13178	13456
2925758	135065	171327	182212	195296	221303	72	94	94	95	94	24517	26238	27187	27505	27803
2925808	123056	147253	159951	195879	208014	35	68	69	69	70	24602	26023	26054	26083	26525
2925907	104100	154172	144270	191529	194736	79	90	90	57	91	27357	28996	29088	28655	28556
2925931	39088	47219	51505	58203	59340	25	25	41	24	40	9514	10045	10038	10033	9414
2925956	187336	216414	190395	201370	209932	45	51	61	61	61	22916	24258	24305	24349	23525
2926004	211472	243492	270749	306707	318465	148	154	158	158	158	39365	41824	42056	42275	42481
2926103	71755	80661	89685	107200	116197	25	28	24	23	51	12281	13092	13209	13319	14627
2926202	481499	400907	493737	731612	472011	83	83	84	84	84	21941	23209	23237	23264	23290
2926301	190536	216226	250996	278152	324992	67	70	71	68	67	33271	35237	35322	35403	34715
2926400	147906	176211	215895	218874	241958	34	36	56	56	56	31027	35586	35819	36039	36246
2926509	76177	81841	96965	109576	160957	47	55	55	53	55	14333	15186	15229	15269	15308
2926608	341051	399182	448906	478779	510036	68	71	72	70	72	47877	50805	51026	51418	54773
2926657	60308	68408	78081	88674	84524	57	68	68	68	68	10432	9195	8713	8260	7835
2926707	71926	77222	97408	105825	109725	39	67	67	67	67	12891	13592	13653	13616	13581
2926806	67167	73260	83428	91219	97702	27	28	28	28	28	15015	15427	15530	15628	15720
2926905	53730	57903	65413	72427	78323	39	27	44	43	44	11948	12033	12060	12084	12109
2927002	609108	722120	650382	693003	834669	81	88	89	90	90	37754	40203	40515	40809	41085
2927101	53775	71228	83840	90851	96663	22	24	24	24	24	8045	8632	8763	8887	9297
2927200	194387	235823	263933	265651	314916	104	105	105	105	105	30010	31799	31780	31867	31933
2927309	106005	139614	146237	156733	167687	27	30	30	26	30	13921	14937	15171	15385	15585
2927408	47940350	53471659	56551329	57918103	61102373	1439	1316	1438	1393	1518	2710968	2883682	2902927	2921087	2938092
2927507	115302	138799	149181	150833	156104	48	53	53	44	52	19292	20509	20635	20754	21310
2927606	63728	83121	83088	89396	97608	52	52	52	52	52	14698	15381	15237	15100	15091
2927705	212967	240011	275955	299180	339478	45	47	47	35	48	26623	27854	28045	28226	28394
2927804	36725	42098	47086	54259	54820	13	14	14	12	14	6481	6808	6778	6750	6723
2927903	48517	57196	56990	63801	66205	18	20	21	21	21	10312	10884	11186	11177	11169
2928000	191886	253018	272759	296267	331556	64	86	87	87	88	34274	36452	36690	36915	38219
2928059	71248	79178	89116	106032	107168	42	63	65	66	66	13025	13710	13579	13626	13508
2928109	292566	322638	407743	385773	410562	88	117	117	118	118	40165	41824	41809	41795	41782
2928208	152902	190749	197248	206865	213894	53	44	53	43	54	24987	26998	27132	27260	27381
2928307	34821	46546	47383	56115	56295	33	33	33	33	33	8835	9370	9407	9442	9232
2928406	131598	153542	182047	200772	246878	87	84	85	86	86	26653	28349	28642	28822	28988
2928505	47099	50694	62730	67794	72168	35	39	40	40	41	9792	10423	10514	10586	10619
2928604	517741	585014	647285	690458	755103	92	103	99	100	100	57978	61407	61559	61702	61836
2928703	1357083	1643502	1766378	1881134	2094682	102	130	133	132	133	93077	99407	100550	101548	102469
2928802	440379	514438	598998	582961	734035	59	63	70	65	66	48897	52186	52704	53193	53473
2928901	2321445	1965016	2523795	2716625	1477592	49	79	78	78	79	28921	31785	32078	32640	33168
2928950	44793	52407	57122	67420	65380	16	29	28	28	28	9266	9820	9849	9877	9381
2929008	108289	136914	148308	162257	171094	33	35	34	34	34	14159	15004	15049	15091	15272
2929057	100183	109859	133331	138844	160392	15	17	16	14	18	13243	15443	15548	15647	15738
2929107	125657	142582	163859	172668	182468	20	68	69	69	70	20329	21513	21548	21582	21935
2929206	1067470	1282181	2883033	8643550	11796118	58	59	59	57	61	34226	36677	38838	39329	39790
2929255	81969	89127	102602	110937	109391	73	76	76	35	77	18430	19495	19519	19542	19594
2929305	287108	321715	458715	620385	770492	53	66	66	55	68	34232	36641	37111	37554	37634
2929354	33172	36494	40299	44822	48553	11	17	18	15	18	5609	6202	6158	6118	6081
2929370	51554	58658	66184	74749	78457	29	34	34	34	35	10293	10938	11002	11061	10735
2929404	74570	91001	111656	118666	110272	22	25	26	27	28	10474	11105	11963	12009	12051
2929503	769916	830624	707152	669668	560528	56	63	63	53	62	42485	45090	45292	45482	45660
2929602	126496	140683	147656	167049	182552	52	51	52	51	52	16619	17594	17630	17664	18083
2929701	102157	101531	104459	136424	165579	47	48	48	53	54	19054	20195	20259	20320	20376
2929750	89641	103330	107072	115673	121519	24	20	20	20	20	11354	12078	12161	12238	12311
2929800	55246	60170	64851	73067	82872	51	52	52	52	52	11921	12644	12693	12739	13343
2929909	284752	337581	363448	408052	444046	107	109	113	113	114	42163	44765	44999	45202	45395
2930006	52861	60831	64198	70857	76958	42	42	42	42	42	10563	11336	11435	11528	11615
2930105	650873	752314	772983	785353	795942	135	132	138	132	142	75437	80258	80810	81330	80769
2930154	170676	194772	216115	235793	280208	62	67	68	68	68	31525	33034	33022	33011	33000
2930204	193671	204504	303179	346923	406052	90	91	100	100	101	38174	40720	41102	41464	41576
2930303	102983	110795	121633	142811	137938	55	55	56	54	55	17963	18467	18428	18389	18352
2930402	68931	80332	89722	94000	100206	47	39	49	33	52	14993	15672	15507	15351	16171
2930501	613149	690428	703223	758297	821066	146	202	200	204	205	77211	82157	82733	83275	82621
2930600	62883	67990	75824	85396	93453	19	39	38	33	39	12464	13238	13308	13373	13774
2930709	3484652	3960366	4413660	4580827	4988848	121	139	142	142	142	121416	129964	131630	133202	134674
2930758	60293	75056	87943	90719	99448	28	43	42	43	42	12161	13188	13256	13320	13381
2930766	61588	74972	68584	80844	74128	36	40	40	37	40	11930	12317	12034	11767	11517
2930774	507540	304590	242403	361706	384852	24	25	23	23	23	22109	23435	23511	23583	23650
2930808	66528	71454	82287	89196	93720	33	55	55	55	55	16069	17073	17239	17332	17419
2930907	63155	65938	70668	77972	204895	57	57	57	35	57	11433	12990	13008	13025	13043
2931004	181220	191899	206793	194487	207657	104	110	111	111	110	20001	21246	21264	21282	21299
2931053	96103	110715	121235	131937	137825	77	77	77	78	78	16323	17493	17601	17702	17797
2931103	38099	42691	46973	52044	48412	23	24	23	24	25	8035	8510	8532	8553	8214
2931202	139208	146019	168900	171825	177260	73	75	75	74	75	19174	20474	20886	21091	21282
2931301	95849	99215	108348	116884	123508	29	36	36	36	36	16434	17345	17413	17398	17855
2931350	1512014	1776848	1939606	2126825	2255519	102	131	136	129	138	143001	153385	155659	157804	159813
2931400	54666	56471	62718	67544	128772	20	15	14	20	22	7746	8125	8067	8013	7984
2931509	96431	115872	124272	137857	150373	44	63	63	63	64	21581	22873	22944	23011	23319
2931608	79898	89853	93434	112279	143430	51	51	51	51	51	14113	15016	15079	15178	15269
2931707	87764	88858	85135	99284	119529	23	26	28	28	28	12793	13526	13537	13547	13527
2931806	70670	84944	100665	104101	116144	78	135	136	122	136	17750	18560	18367	18187	17854
2931905	305345	342046	337921	391782	424731	94	123	123	101	124	52734	55923	56131	55777	52381
2932002	112937	139061	160803	181786	192135	74	91	91	91	92	24015	25274	25178	25087	25853
2932101	120688	139552	148097	167960	186490	71	61	76	54	75	20714	21897	20770	20782	20793
2932200	159078	177131	192868	213860	206299	37	44	44	44	46	20214	21183	20993	20813	20646
2932309	129662	143447	154248	175145	186884	49	53	54	54	54	25575	27312	26787	27051	27297
2932408	64865	74611	83464	89314	96526	42	43	43	42	42	13642	14436	14460	14483	14454
2932457	66316	73705	94900	108030	154419	44	46	46	46	46	17432	18635	18851	19055	19343
2932507	227976	242869	269723	282558	287790	90	89	89	89	89	22992	22989	22535	22105	21706
2932606	113555	127914	136398	136810	163105	24	62	62	62	62	16493	17239	17270	17301	17329
2932705	127503	157664	179293	189304	199181	65	88	88	88	88	19642	22004	21924	21849	21778
2932804	102600	115145	129643	139506	150627	26	38	38	38	38	18367	19516	19490	19593	19688
2932903	919172	1106119	1195982	1325324	1399668	179	190	192	192	189	90319	96287	96507	97305	98053
2933000	135536	161493	164642	196136	211864	62	46	61	44	67	25342	27162	27545	27906	28426
2933059	62228	68112	77110	88002	88150	23	30	33	34	35	13834	14654	14693	14729	14632
2933109	45005	49721	58829	68127	79762	13	24	25	23	25	8759	9309	9364	9416	9404
2933158	62797	81910	87518	99562	105289	46	46	46	16	43	12910	13581	13524	13470	13500
2933174	54014	62362	65494	87271	94303	27	31	31	28	31	8987	9449	9405	9363	9409
2933208	393787	432069	465766	503806	521784	71	70	71	65	70	38748	41524	42103	42650	43162
2933257	88894	106034	71615	72340	81205	20	29	29	29	30	6681	6781	6737	6696	6657
2933307	4355302	4993373	5385015	5760130	6226153	314	387	376	375	401	315884	336987	340199	343230	346069
2933406	47143	46668	64828	62804	72823	27	27	27	29	29	8985	9504	9720	9731	9743
2933455	84040	100959	117753	133572	132065	54	55	55	56	56	12356	13089	13047	13008	12971
2933505	177590	198234	223686	262180	319406	95	96	96	96	96	21910	23046	22621	22530	22445
2933604	237066	278198	326177	325877	342261	168	185	186	187	186	45660	48100	48210	48316	48274
